use <../lib.scad>
use <../p/4-4ering.scad>
use <s/14769ps3s01.scad>
use <s/14769s01.scad>
function ldraw_lib__14769ps3() = [
// 0 Tile  2 x  2 Round with Round Underside Stud with Black Floral Outline Pattern
// 0 Name: 14769ps3.dat
// 0 Author: Gerald Lasser [GeraldLasser]
// 0 !LDRAW_ORG Part UPDATE 2019-01
// 0 !LICENSE Licensed under CC BY 4.0 : see CAreadme.txt
// 
// 0 BFC CERTIFY CCW
  [0,"BFC","CERTIFY"],
  [0,"BFC","CCW"],
// 
// 0 !KEYWORDS Bricklink 14769pb126, Rebrickable 14769pr1049, Set 75145
// 
// 0 !HISTORY 2019-06-28 [PTadmin] Official Update 2019-01
// 
// 
// 1 16 0 0 0 1 0 0 0 1 0 0 0 1 s\14769s01.dat
  [1,16,0,0,0,1,0,0,0,1,0,0,0,1, ldraw_lib__s__14769s01()],
// 1 16 0 0 0 20 0 0 0 1 0 0 0 20 4-4ering.dat
  [1,16,0,0,0,20,0,0,0,1,0,0,0,20, ldraw_lib__4_4ering()],
// 
// 1 16 0 0 0 1 0 0 0 1 0 0 0 1 s\14769ps3s01.dat
  [1,16,0,0,0,1,0,0,0,1,0,0,0,1, ldraw_lib__s__14769ps3s01()],
// 1 16 0 0 0 -1 0 0 0 1 0 0 0 1 s\14769ps3s01.dat
  [1,16,0,0,0,-1,0,0,0,1,0,0,0,1, ldraw_lib__s__14769ps3s01()],
// 1 16 0 0 0 1 0 0 0 1 0 0 0 -1 s\14769ps3s01.dat
  [1,16,0,0,0,1,0,0,0,1,0,0,0,-1, ldraw_lib__s__14769ps3s01()],
// 1 16 0 0 0 -1 0 0 0 1 0 0 0 -1 s\14769ps3s01.dat
  [1,16,0,0,0,-1,0,0,0,1,0,0,0,-1, ldraw_lib__s__14769ps3s01()],
// 1 16 0 0 0 0 0 -1 0 1 0 1 0 0 s\14769ps3s01.dat
  [1,16,0,0,0,0,0,-1,0,1,0,1,0,0, ldraw_lib__s__14769ps3s01()],
// 1 16 0 0 0 0 0 -1 0 1 0 -1 0 0 s\14769ps3s01.dat
  [1,16,0,0,0,0,0,-1,0,1,0,-1,0,0, ldraw_lib__s__14769ps3s01()],
// 1 16 0 0 0 0 0 1 0 1 0 1 0 0 s\14769ps3s01.dat
  [1,16,0,0,0,0,0,1,0,1,0,1,0,0, ldraw_lib__s__14769ps3s01()],
// 1 16 0 0 0 0 0 1 0 1 0 -1 0 0 s\14769ps3s01.dat
  [1,16,0,0,0,0,0,1,0,1,0,-1,0,0, ldraw_lib__s__14769ps3s01()],
// 
// 1 16 0 0 0 .70711 0 .70711 0 1 0 -.70711 0 .70711 s\14769ps3s01.dat
  [1,16,0,0,0,.70711,0,.70711,0,1,0,-.70711,0,.70711, ldraw_lib__s__14769ps3s01()],
// 1 16 0 0 0 -.70711 0 .70711 0 1 0 .70711 0 .70711 s\14769ps3s01.dat
  [1,16,0,0,0,-.70711,0,.70711,0,1,0,.70711,0,.70711, ldraw_lib__s__14769ps3s01()],
// 1 16 0 0 0 .70711 0 -.70711 0 1 0 -.70711 0 -.70711 s\14769ps3s01.dat
  [1,16,0,0,0,.70711,0,-.70711,0,1,0,-.70711,0,-.70711, ldraw_lib__s__14769ps3s01()],
// 1 16 0 0 0 -.70711 0 -.70711 0 1 0 .70711 0 -.70711 s\14769ps3s01.dat
  [1,16,0,0,0,-.70711,0,-.70711,0,1,0,.70711,0,-.70711, ldraw_lib__s__14769ps3s01()],
// 1 16 0 0 0 .70711 0 -.70711 0 1 0 .70711 0 .70711 s\14769ps3s01.dat
  [1,16,0,0,0,.70711,0,-.70711,0,1,0,.70711,0,.70711, ldraw_lib__s__14769ps3s01()],
// 1 16 0 0 0 -.70711 0 -.70711 0 1 0 -.70711 0 .70711 s\14769ps3s01.dat
  [1,16,0,0,0,-.70711,0,-.70711,0,1,0,-.70711,0,.70711, ldraw_lib__s__14769ps3s01()],
// 1 16 0 0 0 .70711 0 .70711 0 1 0 .70711 0 -.70711 s\14769ps3s01.dat
  [1,16,0,0,0,.70711,0,.70711,0,1,0,.70711,0,-.70711, ldraw_lib__s__14769ps3s01()],
// 1 16 0 0 0 -.70711 0 .70711 0 1 0 -.70711 0 -.70711 s\14769ps3s01.dat
  [1,16,0,0,0,-.70711,0,.70711,0,1,0,-.70711,0,-.70711, ldraw_lib__s__14769ps3s01()],
];
module ldraw_lib__14769ps3(step=0, col=false, unit=2/5, alt=false, line=0.2, solid=!$preview)
    makepoly(ldraw_lib__14769ps3(), step=step, col=col, unit=unit, alt=alt, line=line, solid=solid);
ldraw_lib__14769ps3(line=0.2);