use <../lib.scad>
use <s/25061s01.scad>
use <s/25061s02.scad>
use <s/25061s03.scad>
use <s/25061s04.scad>
use <s/25061s05.scad>
use <../p/stug-1x2.scad>
use <../p/stug-2x1.scad>
$fa=1; $fs=0.2;
function ldraw_lib__25061(realsolid=false) = [
// 0 Train Track Roller Coaster Curve 90 Degrees Radius 12
// 0 Name: 25061.dat
// 0 Author: Philippe Hurbain [Philo]
// 0 !LDRAW_ORG Part UPDATE 2019-03
// 0 !LICENSE Licensed under CC BY 2.0 and CC BY 4.0 : see CAreadme.txt
// 
// 0 BFC CERTIFY CCW
  [0,"BFC","CERTIFY"],
  [0,"BFC","CCW"],
// 
// 0 !HISTORY 2019-12-27 [PTadmin] Official Update 2019-03
// 
// 
// 1 16 240 0 10 0 0 1 0 1 0 -1 0 0 stug-2x1.dat
  [1,16,240,0,10,0,0,1,0,1,0,-1,0,0, ldraw_lib__stug_2x1(realsolid)],
// 1 16 10 0 240 0 0 1 0 1 0 -1 0 0 stug-1x2.dat
  [1,16,10,0,240,0,0,1,0,1,0,-1,0,0, ldraw_lib__stug_1x2(realsolid)],
// 1 16 0 0 0 1 0 0 0 1 0 0 0 1 s\25061s02.dat
  [1,16,0,0,0,1,0,0,0,1,0,0,0,1, ldraw_lib__s__25061s02(realsolid)],
// 1 16 0 0 0 0.70711 0 -0.70711 0 1 0 0.70711 0 0.70711 s\25061s01.dat
  [1,16,0,0,0,0.70711,0,-0.70711,0,1,0,0.70711,0,0.70711, ldraw_lib__s__25061s01(realsolid)],
// 1 16 0 0 0 0.51504 0 -0.85717 0 1 0 0.85717 0 0.51504 s\25061s01.dat
  [1,16,0,0,0,0.51504,0,-0.85717,0,1,0,0.85717,0,0.51504, ldraw_lib__s__25061s01(realsolid)],
// 1 16 0 0 0 0.29237 0 -0.9563 0 1 0 0.9563 0 0.29237 s\25061s01.dat
  [1,16,0,0,0,0.29237,0,-0.9563,0,1,0,0.9563,0,0.29237, ldraw_lib__s__25061s01(realsolid)],
// 1 16 0 0 0 0.85717 0 -0.51504 0 1 0 0.51504 0 0.85717 s\25061s01.dat
  [1,16,0,0,0,0.85717,0,-0.51504,0,1,0,0.51504,0,0.85717, ldraw_lib__s__25061s01(realsolid)],
// 1 16 0 0 0 0.9563 0 -0.29237 0 1 0 0.29237 0 0.9563 s\25061s01.dat
  [1,16,0,0,0,0.9563,0,-0.29237,0,1,0,0.29237,0,0.9563, ldraw_lib__s__25061s01(realsolid)],
// 1 16 0 0 0 0 0 1 0 1 0 1 0 0 s\25061s02.dat
  [1,16,0,0,0,0,0,1,0,1,0,1,0,0, ldraw_lib__s__25061s02(realsolid)],
// 1 16 0 0 0 0.70711 0 -0.70711 0 1 0 0.70711 0 0.70711 s\25061s03.dat
  [1,16,0,0,0,0.70711,0,-0.70711,0,1,0,0.70711,0,0.70711, ldraw_lib__s__25061s03(realsolid)],
// 1 16 0 0 0 0.29237 0 -0.9563 0 1 0 0.9563 0 0.29237 s\25061s03.dat
  [1,16,0,0,0,0.29237,0,-0.9563,0,1,0,0.9563,0,0.29237, ldraw_lib__s__25061s03(realsolid)],
// 1 16 0 0 0 0.9563 0 -0.29237 0 1 0 0.29237 0 0.9563 s\25061s03.dat
  [1,16,0,0,0,0.9563,0,-0.29237,0,1,0,0.29237,0,0.9563, ldraw_lib__s__25061s03(realsolid)],
// 1 16 0 0 0 0.51504 0 -0.85717 0 1 0 0.85717 0 0.51504 s\25061s04.dat
  [1,16,0,0,0,0.51504,0,-0.85717,0,1,0,0.85717,0,0.51504, ldraw_lib__s__25061s04(realsolid)],
// 1 16 0 0 0 0.85717 0 -0.51504 0 1 0 0.51504 0 0.85717 s\25061s04.dat
  [1,16,0,0,0,0.85717,0,-0.51504,0,1,0,0.51504,0,0.85717, ldraw_lib__s__25061s04(realsolid)],
// 1 16 0 0 0 0.70711 0 -0.70711 0 1 0 0.70711 0 0.70711 s\25061s05.dat
  [1,16,0,0,0,0.70711,0,-0.70711,0,1,0,0.70711,0,0.70711, ldraw_lib__s__25061s05(realsolid)],
// 1 16 0 0 0 0.70711 0 0.70711 0 1 0 0.70711 0 -0.70711 s\25061s05.dat
  [1,16,0,0,0,0.70711,0,0.70711,0,1,0,0.70711,0,-0.70711, ldraw_lib__s__25061s05(realsolid)],
// 1 16 0 0 0 0.29237 0 0.9563 0 1 0 0.9563 0 -0.29237 s\25061s05.dat
  [1,16,0,0,0,0.29237,0,0.9563,0,1,0,0.9563,0,-0.29237, ldraw_lib__s__25061s05(realsolid)],
// 1 16 0 0 0 0.9563 0 -0.29237 0 1 0 0.29237 0 0.9563 s\25061s05.dat
  [1,16,0,0,0,0.9563,0,-0.29237,0,1,0,0.29237,0,0.9563, ldraw_lib__s__25061s05(realsolid)],
];
module ldraw_lib__25061(step=0, col=false, unit=2/5, alt=false, line=0.2, solid=!$preview)
    makepoly(ldraw_lib__25061(solid), step=step, col=col, unit=unit, alt=alt, line=line, solid=solid);
ldraw_lib__25061(line=0.2);