use <../lib.scad>
use <../p/4-4ring1.scad>
use <../p/4-4ring14.scad>
use <../p/48/4-4aring.scad>
use <../p/48/4-4ring29.scad>
use <s/2723p01s01.scad>
use <s/2723s01.scad>
function ldraw_lib__2723p01() = [
// 0 Technic Disc  3 x  3 with Axlehole and Metallic Silver Disc Brake Pattern
// 0 Name: 2723p01.dat
// 0 Author: Ulrich Röder [UR]
// 0 !LDRAW_ORG Part UPDATE 2024-02
// 0 !LICENSE Licensed under CC BY 4.0 : see CAreadme.txt
// 
// 0 BFC CERTIFY CCW
  [0,"BFC","CERTIFY"],
  [0,"BFC","CCW"],
// 
// 0 !KEYWORDS BrickLink 2723pb063, Car, Caterham, Cuusoo, Ideas
// 0 !KEYWORDS Rebrickable 2723pr0002, Set 21307
// 
// 0 !CMDLINE -c0
// 
// 0 !HISTORY 2019-12-27 [PTadmin] Official Update 2019-03
// 0 !HISTORY 2024-03-23 [OrionP] Updated ring primitives
// 0 !HISTORY 2024-03-24 [OrionP] Official Update 2024-02
// 
// 1 16 0 0 0 1 0 0 0 1 0 0 0 1 s\2723s01.dat
  [1,16,0,0,0,1,0,0,0,1,0,0,0,1, ldraw_lib__s__2723s01()],
// 1 16 0 3 0 7 0 0 0 1 0 0 0 7 4-4ring1.dat
  [1,16,0,3,0,7,0,0,0,1,0,0,0,7, ldraw_lib__4_4ring1()],
// 1 16 0 3 0 1 0 0 0 1 0 0 0 1 4-4ring14.dat
  [1,16,0,3,0,1,0,0,0,1,0,0,0,1, ldraw_lib__4_4ring14()],
// 1 16 0 3 0 15 0 0 0 1 0 0 0 15 48\4-4aring.dat
  [1,16,0,3,0,15,0,0,0,1,0,0,0,15, ldraw_lib__48__4_4aring()],
// 1 16 0 3 0 1 0 0 0 1 0 0 0 1 48\4-4ring29.dat
  [1,16,0,3,0,1,0,0,0,1,0,0,0,1, ldraw_lib__48__4_4ring29()],
// 
// 0 // Disc
// 1 16 0 0 0 1 0 0 0 1 0 0 0 1 s\2723p01s01.dat
  [1,16,0,0,0,1,0,0,0,1,0,0,0,1, ldraw_lib__s__2723p01s01()],
// 1 16 0 0 0 .965926 0 .258819 0 1 0 -.258819 0 .965926 s\2723p01s01.dat
  [1,16,0,0,0,.965926,0,.258819,0,1,0,-.258819,0,.965926, ldraw_lib__s__2723p01s01()],
// 1 16 0 0 0 .866025 0 .5 0 1 0 -.5 0 .866025 s\2723p01s01.dat
  [1,16,0,0,0,.866025,0,.5,0,1,0,-.5,0,.866025, ldraw_lib__s__2723p01s01()],
// 1 16 0 0 0 .707107 0 .707107 0 1 0 -.707107 0 .707107 s\2723p01s01.dat
  [1,16,0,0,0,.707107,0,.707107,0,1,0,-.707107,0,.707107, ldraw_lib__s__2723p01s01()],
// 1 16 0 0 0 .5 0 .866025 0 1 0 -.866025 0 .5 s\2723p01s01.dat
  [1,16,0,0,0,.5,0,.866025,0,1,0,-.866025,0,.5, ldraw_lib__s__2723p01s01()],
// 1 16 0 0 0 .258819 0 .965926 0 1 0 -.965926 0 .258819 s\2723p01s01.dat
  [1,16,0,0,0,.258819,0,.965926,0,1,0,-.965926,0,.258819, ldraw_lib__s__2723p01s01()],
// 1 16 0 0 0 0 0 1 0 1 0 -1 0 0 s\2723p01s01.dat
  [1,16,0,0,0,0,0,1,0,1,0,-1,0,0, ldraw_lib__s__2723p01s01()],
// 1 16 0 0 0 -.258819 0 .965926 0 1 0 -.965926 0 -.258819 s\2723p01s01.dat
  [1,16,0,0,0,-.258819,0,.965926,0,1,0,-.965926,0,-.258819, ldraw_lib__s__2723p01s01()],
// 1 16 0 0 0 -.5 0 .866025 0 1 0 -.866025 0 -.5 s\2723p01s01.dat
  [1,16,0,0,0,-.5,0,.866025,0,1,0,-.866025,0,-.5, ldraw_lib__s__2723p01s01()],
// 1 16 0 0 0 -.707107 0 .707107 0 1 0 -.707107 0 -.707107 s\2723p01s01.dat
  [1,16,0,0,0,-.707107,0,.707107,0,1,0,-.707107,0,-.707107, ldraw_lib__s__2723p01s01()],
// 1 16 0 0 0 -.866025 0 .5 0 1 0 -.5 0 -.866025 s\2723p01s01.dat
  [1,16,0,0,0,-.866025,0,.5,0,1,0,-.5,0,-.866025, ldraw_lib__s__2723p01s01()],
// 1 16 0 0 0 -.965926 0 .258819 0 1 0 -.258819 0 -.965926 s\2723p01s01.dat
  [1,16,0,0,0,-.965926,0,.258819,0,1,0,-.258819,0,-.965926, ldraw_lib__s__2723p01s01()],
// 1 16 0 0 0 -1 0 0 0 1 0 0 0 -1 s\2723p01s01.dat
  [1,16,0,0,0,-1,0,0,0,1,0,0,0,-1, ldraw_lib__s__2723p01s01()],
// 1 16 0 0 0 -.965926 0 -.258819 0 1 0 .258819 0 -.965926 s\2723p01s01.dat
  [1,16,0,0,0,-.965926,0,-.258819,0,1,0,.258819,0,-.965926, ldraw_lib__s__2723p01s01()],
// 1 16 0 0 0 -.866025 0 -.5 0 1 0 .5 0 -.866025 s\2723p01s01.dat
  [1,16,0,0,0,-.866025,0,-.5,0,1,0,.5,0,-.866025, ldraw_lib__s__2723p01s01()],
// 1 16 0 0 0 -.707107 0 -.707107 0 1 0 .707107 0 -.707107 s\2723p01s01.dat
  [1,16,0,0,0,-.707107,0,-.707107,0,1,0,.707107,0,-.707107, ldraw_lib__s__2723p01s01()],
// 1 16 0 0 0 -.5 0 -.866025 0 1 0 .866025 0 -.5 s\2723p01s01.dat
  [1,16,0,0,0,-.5,0,-.866025,0,1,0,.866025,0,-.5, ldraw_lib__s__2723p01s01()],
// 1 16 0 0 0 -.258819 0 -.965926 0 1 0 .965926 0 -.258819 s\2723p01s01.dat
  [1,16,0,0,0,-.258819,0,-.965926,0,1,0,.965926,0,-.258819, ldraw_lib__s__2723p01s01()],
// 1 16 0 0 0 0 0 -1 0 1 0 1 0 0 s\2723p01s01.dat
  [1,16,0,0,0,0,0,-1,0,1,0,1,0,0, ldraw_lib__s__2723p01s01()],
// 1 16 0 0 0 .258819 0 -.965926 0 1 0 .965926 0 .258819 s\2723p01s01.dat
  [1,16,0,0,0,.258819,0,-.965926,0,1,0,.965926,0,.258819, ldraw_lib__s__2723p01s01()],
// 1 16 0 0 0 .5 0 -.866025 0 1 0 .866025 0 .5 s\2723p01s01.dat
  [1,16,0,0,0,.5,0,-.866025,0,1,0,.866025,0,.5, ldraw_lib__s__2723p01s01()],
// 1 16 0 0 0 .707107 0 -.707107 0 1 0 .707107 0 .707107 s\2723p01s01.dat
  [1,16,0,0,0,.707107,0,-.707107,0,1,0,.707107,0,.707107, ldraw_lib__s__2723p01s01()],
// 1 16 0 0 0 .866025 0 -.5 0 1 0 .5 0 .866025 s\2723p01s01.dat
  [1,16,0,0,0,.866025,0,-.5,0,1,0,.5,0,.866025, ldraw_lib__s__2723p01s01()],
// 1 16 0 0 0 .965926 0 -.258819 0 1 0 .258819 0 .965926 s\2723p01s01.dat
  [1,16,0,0,0,.965926,0,-.258819,0,1,0,.258819,0,.965926, ldraw_lib__s__2723p01s01()],
];
module ldraw_lib__2723p01(step=0, col=false, unit=2/5, alt=false, line=0.2, solid=!$preview)
    makepoly(ldraw_lib__2723p01(), step=step, col=col, unit=unit, alt=alt, line=line, solid=solid);
ldraw_lib__2723p01(line=0.2);