use <../lib.scad>
use <s/32533s01.scad>
use <s/32533s02.scad>
function ldraw_lib__32533p226() = [
// 0 Constraction Disc  5 x  5 Projectile with Bionicle Kanoka 226 Ga-Metru Pattern
// 0 Name: 32533p226.dat
// 0 Author: Max Murtazin [SwampKryakwa]
// 0 !LDRAW_ORG Part UPDATE 2025-05
// 0 !LICENSE Licensed under CC BY 4.0 : see CAreadme.txt
// 
// 0 BFC CERTIFY CCW
  [0,"BFC","CERTIFY"],
  [0,"BFC","CCW"],
// 
// 0 !KEYWORDS Bricklink 32171pb076, frisbee, Matoran, Rebrickable 32533pr0226
// 0 !KEYWORDS Set 8608, Vhisola, Weapon
// 
// 0 !HISTORY 2025-05-28 [OrionP] Official Update 2025-05
// 
// 
// 1 16 0 0 0 1 0 0 0 1 0 0 0 1 s\32533s01.dat
  [1,16,0,0,0,1,0,0,0,1,0,0,0,1, ldraw_lib__s__32533s01()],
// 1 16 0 0 0 -1 0 0 0 1 0 0 0 1 s\32533s01.dat
  [1,16,0,0,0,-1,0,0,0,1,0,0,0,1, ldraw_lib__s__32533s01()],
// 1 16 0 0 0 -0.5 0 -0.866025 0 1 0 0.866025 0 -0.5 s\32533s01.dat
  [1,16,0,0,0,-0.5,0,-0.866025,0,1,0,0.866025,0,-0.5, ldraw_lib__s__32533s01()],
// 1 16 0 0 0 0.5 0 -0.866025 0 1 0 -0.866025 0 -0.5 s\32533s01.dat
  [1,16,0,0,0,0.5,0,-0.866025,0,1,0,-0.866025,0,-0.5, ldraw_lib__s__32533s01()],
// 1 16 0 0 0 -0.5 0 0.866025 0 1 0 -0.866025 0 -0.5 s\32533s01.dat
  [1,16,0,0,0,-0.5,0,0.866025,0,1,0,-0.866025,0,-0.5, ldraw_lib__s__32533s01()],
// 1 16 0 0 0 0.5 0 0.866025 0 1 0 0.866025 0 -0.5 s\32533s01.dat
  [1,16,0,0,0,0.5,0,0.866025,0,1,0,0.866025,0,-0.5, ldraw_lib__s__32533s01()],
// 
// 0 !TEXMAP START PLANAR -36.1299 0 36.1299 36.1299 0 36.1299 -36.1299 0 -36.1299 32533p226.png
// 0 !: 1 16 0 0 0 1 0 0 0 1 0 0 0 1 s\32533s02.dat
// 0 !: 1 16 0 0 0 -1 0 0 0 1 0 0 0 1 s\32533s02.dat
// 0 !: 1 16 0 0 0 -0.5 0 -0.866025 0 1 0 0.866025 0 -0.5 s\32533s02.dat
// 0 !: 1 16 0 0 0 0.5 0 -0.866025 0 1 0 -0.866025 0 -0.5 s\32533s02.dat
// 0 !: 1 16 0 0 0 -0.5 0 0.866025 0 1 0 -0.866025 0 -0.5 s\32533s02.dat
// 0 !: 1 16 0 0 0 0.5 0 0.866025 0 1 0 0.866025 0 -0.5 s\32533s02.dat
// 0 !TEXMAP FALLBACK
// 1 16 0 0 0 1 0 0 0 1 0 0 0 1 s\32533s02.dat
  [1,16,0,0,0,1,0,0,0,1,0,0,0,1, ldraw_lib__s__32533s02()],
// 1 16 0 0 0 -1 0 0 0 1 0 0 0 1 s\32533s02.dat
  [1,16,0,0,0,-1,0,0,0,1,0,0,0,1, ldraw_lib__s__32533s02()],
// 1 16 0 0 0 -0.5 0 -0.866025 0 1 0 0.866025 0 -0.5 s\32533s02.dat
  [1,16,0,0,0,-0.5,0,-0.866025,0,1,0,0.866025,0,-0.5, ldraw_lib__s__32533s02()],
// 1 16 0 0 0 0.5 0 -0.866025 0 1 0 -0.866025 0 -0.5 s\32533s02.dat
  [1,16,0,0,0,0.5,0,-0.866025,0,1,0,-0.866025,0,-0.5, ldraw_lib__s__32533s02()],
// 1 16 0 0 0 -0.5 0 0.866025 0 1 0 -0.866025 0 -0.5 s\32533s02.dat
  [1,16,0,0,0,-0.5,0,0.866025,0,1,0,-0.866025,0,-0.5, ldraw_lib__s__32533s02()],
// 1 16 0 0 0 0.5 0 0.866025 0 1 0 0.866025 0 -0.5 s\32533s02.dat
  [1,16,0,0,0,0.5,0,0.866025,0,1,0,0.866025,0,-0.5, ldraw_lib__s__32533s02()],
// 0 !TEXMAP END
];
module ldraw_lib__32533p226(step=0, col=false, unit=2/5, alt=false, line=0.2, solid=!$preview)
    makepoly(ldraw_lib__32533p226(), step=step, col=col, unit=unit, alt=alt, line=line, solid=solid);
ldraw_lib__32533p226(line=0.2);