use <../lib.scad>
use <s/35860p01s05.scad>
use <s/35860p01s06.scad>
use <s/35860s01.scad>
use <s/35860s02.scad>
function ldraw_lib__35860p01() = [
// 0 Minifig Food Cake Double Layer with Pink Base and Bright Light Blue Ribbon Pattern
// 0 Name: 35860p01.dat
// 0 Author: Gerald Lasser [GeraldLasser]
// 0 !LDRAW_ORG Part UPDATE 2020-03
// 0 !LICENSE Licensed under CC BY 2.0 and CC BY 4.0 : see CAreadme.txt
// 
// 0 BFC CERTIFY CCW
  [0,"BFC","CERTIFY"],
  [0,"BFC","CCW"],
// 
// 0 !CATEGORY Minifig Accessory
// 0 !KEYWORDS Bricklink 35860pb01, cake guy, CMF series 18, Collectible
// 
// 0 !HISTORY 2020-12-29 [PTadmin] Official Update 2020-03
// 
// 
// 1 13 0 0 0 1 0 0 0 1 0 0 0 1 s\35860s02.dat
  [1,13,0,0,0,1,0,0,0,1,0,0,0,1, ldraw_lib__s__35860s02()],
// 
// 1 16 0 0 0 1 0 0 0 1 0 0 0 1 s\35860s01.dat
  [1,16,0,0,0,1,0,0,0,1,0,0,0,1, ldraw_lib__s__35860s01()],
// 
// 0 // Bottom
// 1 16 0 0 0 1 0 0 0 1 0 0 0 1 s\35860p01s05.dat
  [1,16,0,0,0,1,0,0,0,1,0,0,0,1, ldraw_lib__s__35860p01s05()],
// 1 16 0 0 0 -1 0 0 0 1 0 0 0 1 s\35860p01s05.dat
  [1,16,0,0,0,-1,0,0,0,1,0,0,0,1, ldraw_lib__s__35860p01s05()],
// 1 16 0 0 0 1 0 0 0 1 0 0 0 -1 s\35860p01s05.dat
  [1,16,0,0,0,1,0,0,0,1,0,0,0,-1, ldraw_lib__s__35860p01s05()],
// 1 16 0 0 0 -1 0 0 0 1 0 0 0 -1 s\35860p01s05.dat
  [1,16,0,0,0,-1,0,0,0,1,0,0,0,-1, ldraw_lib__s__35860p01s05()],
// 
// 1 16 0 0 0 -.5 0 -.86603 0 1 0 -.86603 0 .5 s\35860p01s05.dat
  [1,16,0,0,0,-.5,0,-.86603,0,1,0,-.86603,0,.5, ldraw_lib__s__35860p01s05()],
// 1 16 0 0 0 .5 0 -.86603 0 1 0 .86603 0 .5 s\35860p01s05.dat
  [1,16,0,0,0,.5,0,-.86603,0,1,0,.86603,0,.5, ldraw_lib__s__35860p01s05()],
// 1 16 0 0 0 .5 0 .86603 0 1 0 .86603 0 -.5 s\35860p01s05.dat
  [1,16,0,0,0,.5,0,.86603,0,1,0,.86603,0,-.5, ldraw_lib__s__35860p01s05()],
// 1 16 0 0 0 -.5 0 .86603 0 1 0 -.86603 0 -.5 s\35860p01s05.dat
  [1,16,0,0,0,-.5,0,.86603,0,1,0,-.86603,0,-.5, ldraw_lib__s__35860p01s05()],
// 
// 1 16 0 0 0 -.5 0 -.86603 0 1 0 .86603 0 -.5 s\35860p01s05.dat
  [1,16,0,0,0,-.5,0,-.86603,0,1,0,.86603,0,-.5, ldraw_lib__s__35860p01s05()],
// 1 16 0 0 0 .5 0 -.86603 0 1 0 -.86603 0 -.5 s\35860p01s05.dat
  [1,16,0,0,0,.5,0,-.86603,0,1,0,-.86603,0,-.5, ldraw_lib__s__35860p01s05()],
// 1 16 0 0 0 .5 0 .86603 0 1 0 -.86603 0 .5 s\35860p01s05.dat
  [1,16,0,0,0,.5,0,.86603,0,1,0,-.86603,0,.5, ldraw_lib__s__35860p01s05()],
// 1 16 0 0 0 -.5 0 .86603 0 1 0 .86603 0 .5 s\35860p01s05.dat
  [1,16,0,0,0,-.5,0,.86603,0,1,0,.86603,0,.5, ldraw_lib__s__35860p01s05()],
// 
// 0 // Top
// 1 16 0 0 0 .86603 0 .5 0 1 0 -.5 0 .86603 s\35860p01s06.dat
  [1,16,0,0,0,.86603,0,.5,0,1,0,-.5,0,.86603, ldraw_lib__s__35860p01s06()],
// 1 16 0 0 0 .5 0 -.86603 0 1 0 .86603 0 .5 s\35860p01s06.dat
  [1,16,0,0,0,.5,0,-.86603,0,1,0,.86603,0,.5, ldraw_lib__s__35860p01s06()],
// 1 16 0 0 0 -.86603 0 -.5 0 1 0 .5 0 -.86603 s\35860p01s06.dat
  [1,16,0,0,0,-.86603,0,-.5,0,1,0,.5,0,-.86603, ldraw_lib__s__35860p01s06()],
// 1 16 0 0 0 -.5 0 .86603 0 1 0 -.86603 0 -.5 s\35860p01s06.dat
  [1,16,0,0,0,-.5,0,.86603,0,1,0,-.86603,0,-.5, ldraw_lib__s__35860p01s06()],
// 
// 1 16 0 0 0 -.86603 0 -.5 0 1 0 -.5 0 .86603 s\35860p01s06.dat
  [1,16,0,0,0,-.86603,0,-.5,0,1,0,-.5,0,.86603, ldraw_lib__s__35860p01s06()],
// 1 16 0 0 0 .5 0 -.86603 0 1 0 -.86603 0 -.5 s\35860p01s06.dat
  [1,16,0,0,0,.5,0,-.86603,0,1,0,-.86603,0,-.5, ldraw_lib__s__35860p01s06()],
// 1 16 0 0 0 .86603 0 .5 0 1 0 .5 0 -.86603 s\35860p01s06.dat
  [1,16,0,0,0,.86603,0,.5,0,1,0,.5,0,-.86603, ldraw_lib__s__35860p01s06()],
// 1 16 0 0 0 -.5 0 .86603 0 1 0 .86603 0 .5 s\35860p01s06.dat
  [1,16,0,0,0,-.5,0,.86603,0,1,0,.86603,0,.5, ldraw_lib__s__35860p01s06()],
];
module ldraw_lib__35860p01(step=0, col=false, unit=2/5, alt=false, line=0.2, solid=!$preview)
    makepoly(ldraw_lib__35860p01(), step=step, col=col, unit=unit, alt=alt, line=line, solid=solid);
ldraw_lib__35860p01(line=0.2);