use <../lib.scad>
use <../p/4-4cyli.scad>
use <../p/4-4edge.scad>
use <../p/4-4ring2.scad>
use <s/39262s01.scad>
use <../p/stud2a.scad>
use <../p/stud4.scad>
function ldraw_lib__39262() = [
// 0 Minifig Crown with 5 Points
// 0 Name: 39262.dat
// 0 Author: Philippe Hurbain [Philo]
// 0 !LDRAW_ORG Part UPDATE 2022-01
// 0 !LICENSE Licensed under CC BY 4.0 : see CAreadme.txt
// 
// 0 BFC CERTIFY CCW
  [0,"BFC","CERTIFY"],
  [0,"BFC","CCW"],
// 
// 0 !CATEGORY Minifig Headwear
// 0 !KEYWORDS Egg, Eggshell
// 
// 0 !HISTORY 2022-01-14 [PTadmin] Official Update 2022-01
// 
// 
// 1 16 0 0 0 1 0 0 0 1 0 0 0 1 stud2a.dat
  [1,16,0,0,0,1,0,0,0,1,0,0,0,1, ldraw_lib__stud2a()],
// 1 16 0 3 0 -1 0 0 0 -1.25 0 0 0 1 stud4.dat
  [1,16,0,3,0,-1,0,0,0,-1.25,0,0,0,1, ldraw_lib__stud4()],
// 1 16 0 0 0 1 0 0 0 1 0 0 0 1 s\39262s01.dat
  [1,16,0,0,0,1,0,0,0,1,0,0,0,1, ldraw_lib__s__39262s01()],
// 1 16 0 0 0 -1 0 0 0 1 0 0 0 1 s\39262s01.dat
  [1,16,0,0,0,-1,0,0,0,1,0,0,0,1, ldraw_lib__s__39262s01()],
// 1 16 0 0 0 0.30902 0 0.95106 0 1 0 -0.95106 0 0.30902 s\39262s01.dat
  [1,16,0,0,0,0.30902,0,0.95106,0,1,0,-0.95106,0,0.30902, ldraw_lib__s__39262s01()],
// 1 16 0 0 0 -0.30902 0 0.95106 0 1 0 0.95106 0 0.30902 s\39262s01.dat
  [1,16,0,0,0,-0.30902,0,0.95106,0,1,0,0.95106,0,0.30902, ldraw_lib__s__39262s01()],
// 1 16 0 0 0 -0.80902 0 0.58779 0 1 0 -0.58779 0 -0.80902 s\39262s01.dat
  [1,16,0,0,0,-0.80902,0,0.58779,0,1,0,-0.58779,0,-0.80902, ldraw_lib__s__39262s01()],
// 1 16 0 0 0 0.80902 0 0.58779 0 1 0 0.58779 0 -0.80902 s\39262s01.dat
  [1,16,0,0,0,0.80902,0,0.58779,0,1,0,0.58779,0,-0.80902, ldraw_lib__s__39262s01()],
// 1 16 0 0 0 -0.80902 0 -0.58779 0 1 0 0.58779 0 -0.80902 s\39262s01.dat
  [1,16,0,0,0,-0.80902,0,-0.58779,0,1,0,0.58779,0,-0.80902, ldraw_lib__s__39262s01()],
// 1 16 0 0 0 0.80902 0 -0.58779 0 1 0 -0.58779 0 -0.80902 s\39262s01.dat
  [1,16,0,0,0,0.80902,0,-0.58779,0,1,0,-0.58779,0,-0.80902, ldraw_lib__s__39262s01()],
// 1 16 0 0 0 0.30902 0 -0.95106 0 1 0 0.95106 0 0.30902 s\39262s01.dat
  [1,16,0,0,0,0.30902,0,-0.95106,0,1,0,0.95106,0,0.30902, ldraw_lib__s__39262s01()],
// 1 16 0 0 0 -0.30902 0 -0.95106 0 1 0 -0.95106 0 0.30902 s\39262s01.dat
  [1,16,0,0,0,-0.30902,0,-0.95106,0,1,0,-0.95106,0,0.30902, ldraw_lib__s__39262s01()],
// 1 16 0 0 0 6 0 0 0 1 0 0 0 6 4-4edge.dat
  [1,16,0,0,0,6,0,0,0,1,0,0,0,6, ldraw_lib__4_4edge()],
// 1 16 0 3 0 4 0 0 0 1 0 0 0 4 4-4edge.dat
  [1,16,0,3,0,4,0,0,0,1,0,0,0,4, ldraw_lib__4_4edge()],
// 0 BFC INVERTNEXT
  [0,"BFC","INVERTNEXT"],
// 1 16 0 3 0 4 0 0 0 -3 0 0 0 4 4-4cyli.dat
  [1,16,0,3,0,4,0,0,0,-3,0,0,0,4, ldraw_lib__4_4cyli()],
// 1 16 0 3 0 2 0 0 0 -1 0 0 0 2 4-4ring2.dat
  [1,16,0,3,0,2,0,0,0,-1,0,0,0,2, ldraw_lib__4_4ring2()],
];
module ldraw_lib__39262(step=0, col=false, unit=2/5, alt=false, line=0.2, solid=!$preview)
    makepoly(ldraw_lib__39262(), step=step, col=col, unit=unit, alt=alt, line=line, solid=solid);
ldraw_lib__39262(line=0.2);