use <../lib.scad>
use <../p/48/4-4con4.scad>
use <s/3961s01.scad>
use <s/3961s20a.scad>
use <s/3961s20b.scad>
use <s/3961s20c.scad>
use <../p/stug-2x2.scad>
function ldraw_lib__3961p20() = [
// 0 Dish  8 x  8 Inverted With Numbered Wedge Pattern
// 0 Name: 3961p20.dat
// 0 Author: Donald Sutter [technog]
// 0 !LDRAW_ORG Part UPDATE 2020-02
// 0 !LICENSE Licensed under CC BY 4.0 : see CAreadme.txt
// 
// 0 BFC CERTIFY CCW
  [0,"BFC","CERTIFY"],
  [0,"BFC","CCW"],
// 
// 0 !KEYWORDS BrickLink 3961px2, Rebrickable 3961pr0012, Round, Set 6409
// 
// 0 !CMDLINE -c15
// 
// 0 !HISTORY 2010-07-05 [PTadmin] Official Update 2010-02
// 0 !HISTORY 2020-07-07 [ejboer] Moved stud group to main file
// 0 !HISTORY 2020-09-05 [PTadmin] Official Update 2020-02
// 
// 
// 1 16 0 0 0 1 0 0 0 1 0 0 0 1 s\3961s01.dat
  [1,16,0,0,0,1,0,0,0,1,0,0,0,1, ldraw_lib__s__3961s01()],
// 1 16 0 0 0 1 0 0 0 1 0 0 0 1 stug-2x2.dat
  [1,16,0,0,0,1,0,0,0,1,0,0,0,1, ldraw_lib__stug_2x2()],
// 1 16 0 0.75 0 5 0 0 0 -0.75 0 0 0 5 48\4-4con4.dat
  [1,16,0,0.75,0,5,0,0,0,-0.75,0,0,0,5, ldraw_lib__48__4_4con4()],
// 1 13 0 0 0 0.9659 0 -0.2588 0 1 0 0.2588 0 0.9659 s\3961s20c.dat
  [1,13,0,0,0,0.9659,0,-0.2588,0,1,0,0.2588,0,0.9659, ldraw_lib__s__3961s20c()],
// 1 71 0 0 0 0.7071 0 -0.7071 0 1 0 0.7071 0 0.7071 s\3961s20b.dat
  [1,71,0,0,0,0.7071,0,-0.7071,0,1,0,0.7071,0,0.7071, ldraw_lib__s__3961s20b()],
// 1 18 0 0 0 0.2588 0 -0.9659 0 1 0 0.9659 0 0.2588 s\3961s20a.dat
  [1,18,0,0,0,0.2588,0,-0.9659,0,1,0,0.9659,0,0.2588, ldraw_lib__s__3961s20a()],
// 1 71 0 0 0 0.2588 0 0.9659 0 1 0 -0.9659 0 0.2588 s\3961s20c.dat
  [1,71,0,0,0,0.2588,0,0.9659,0,1,0,-0.9659,0,0.2588, ldraw_lib__s__3961s20c()],
// 1 18 0 0 0 0.7071 0 0.7071 0 1 0 -0.7071 0 0.7071 s\3961s20b.dat
  [1,18,0,0,0,0.7071,0,0.7071,0,1,0,-0.7071,0,0.7071, ldraw_lib__s__3961s20b()],
// 1 16 0 0 0 0.9659 0 0.2588 0 1 0 -0.2588 0 0.9659 s\3961s20a.dat
  [1,16,0,0,0,0.9659,0,0.2588,0,1,0,-0.2588,0,0.9659, ldraw_lib__s__3961s20a()],
// 1 18 0 0 0 -0.9659 0 0.2588 0 1 0 -0.2588 0 -0.9659 s\3961s20c.dat
  [1,18,0,0,0,-0.9659,0,0.2588,0,1,0,-0.2588,0,-0.9659, ldraw_lib__s__3961s20c()],
// 1 16 0 0 0 -0.7071 0 0.7071 0 1 0 -0.7071 0 -0.7071 s\3961s20b.dat
  [1,16,0,0,0,-0.7071,0,0.7071,0,1,0,-0.7071,0,-0.7071, ldraw_lib__s__3961s20b()],
// 1 13 0 0 0 -0.2588 0 0.9659 0 1 0 -0.9659 0 -0.2588 s\3961s20a.dat
  [1,13,0,0,0,-0.2588,0,0.9659,0,1,0,-0.9659,0,-0.2588, ldraw_lib__s__3961s20a()],
// 1 16 0 0 0 -0.2588 0 -0.9659 0 1 0 0.9659 0 -0.2588 s\3961s20c.dat
  [1,16,0,0,0,-0.2588,0,-0.9659,0,1,0,0.9659,0,-0.2588, ldraw_lib__s__3961s20c()],
// 1 13 0 0 0 -0.7071 0 -0.7071 0 1 0 0.7071 0 -0.7071 s\3961s20b.dat
  [1,13,0,0,0,-0.7071,0,-0.7071,0,1,0,0.7071,0,-0.7071, ldraw_lib__s__3961s20b()],
// 1 71 0 0 0 -0.9659 0 -0.2588 0 1 0 0.2588 0 -0.9659 s\3961s20a.dat
  [1,71,0,0,0,-0.9659,0,-0.2588,0,1,0,0.2588,0,-0.9659, ldraw_lib__s__3961s20a()],
];
module ldraw_lib__3961p20(step=0, col=false, unit=2/5, alt=false, line=0.2, solid=!$preview)
    makepoly(ldraw_lib__3961p20(), step=step, col=col, unit=unit, alt=alt, line=line, solid=solid);
ldraw_lib__3961p20(line=0.2);