use <../lib.scad>
use <../p/4-4cylc.scad>
use <../p/4-4cylo.scad>
use <../p/4-4ring1.scad>
use <../p/4-4ring3.scad>
use <../p/4-4ring4.scad>
use <../p/48/4-4aring.scad>
use <../p/bump5000.scad>
use <s/4841s01.scad>
use <s/4841s02.scad>
function ldraw_lib__4841() = [
// 0 Fabuland Merry-Go-Round Roof
// 0 Name: 4841.dat
// 0 Author: Philippe Hurbain [Philo]
// 0 !LDRAW_ORG Part UPDATE 2018-01
// 0 !LICENSE Licensed under CC BY 2.0 and CC BY 4.0 : see CAreadme.txt
// 
// 0 BFC CERTIFY CCW
  [0,"BFC","CERTIFY"],
  [0,"BFC","CCW"],
// 
// 0 !CATEGORY Cone
// 
// 0 !HISTORY 2018-01-30 [PTadmin] Official Update 2018-01
// 
// 
// 1 16 0 0 0 1 0 0 0 1 0 0 0 1 s\4841s01.dat
  [1,16,0,0,0,1,0,0,0,1,0,0,0,1, ldraw_lib__s__4841s01()],
// 1 16 0 0 0 1 0 0 0 1 0 0 0 1 s\4841s02.dat
  [1,16,0,0,0,1,0,0,0,1,0,0,0,1, ldraw_lib__s__4841s02()],
// 1 16 0 0 0 -1 0 0 0 1 0 0 0 1 s\4841s02.dat
  [1,16,0,0,0,-1,0,0,0,1,0,0,0,1, ldraw_lib__s__4841s02()],
// 
// 1 16 0 0 0 0.5 0 0.86603 0 1 0 -0.86603 0 0.5 s\4841s01.dat
  [1,16,0,0,0,0.5,0,0.86603,0,1,0,-0.86603,0,0.5, ldraw_lib__s__4841s01()],
// 1 16 0 0 0 -0.5 0 0.86603 0 1 0 -0.86603 0 -0.5 s\4841s01.dat
  [1,16,0,0,0,-0.5,0,0.86603,0,1,0,-0.86603,0,-0.5, ldraw_lib__s__4841s01()],
// 1 16 0 0 0 -1 0 0 0 1 0 0 0 -1 s\4841s01.dat
  [1,16,0,0,0,-1,0,0,0,1,0,0,0,-1, ldraw_lib__s__4841s01()],
// 1 16 0 0 0 -0.5 0 -0.86603 0 1 0 0.86603 0 -0.5 s\4841s01.dat
  [1,16,0,0,0,-0.5,0,-0.86603,0,1,0,0.86603,0,-0.5, ldraw_lib__s__4841s01()],
// 1 16 0 0 0 0.5 0 -0.86603 0 1 0 0.86603 0 0.5 s\4841s01.dat
  [1,16,0,0,0,0.5,0,-0.86603,0,1,0,0.86603,0,0.5, ldraw_lib__s__4841s01()],
// 1 16 0 -112 0 18.8888 0 0 0 1 0 0 0 18.8888 48\4-4aring.dat
  [1,16,0,-112,0,18.8888,0,0,0,1,0,0,0,18.8888, ldraw_lib__48__4_4aring()],
// 1 16 0 -112 0 9.4444 0 0 0 1 0 0 0 9.4444 4-4ring1.dat
  [1,16,0,-112,0,9.4444,0,0,0,1,0,0,0,9.4444, ldraw_lib__4_4ring1()],
// 0 BFC INVERTNEXT
  [0,"BFC","INVERTNEXT"],
// 1 16 0 -112 0 9.4444 0 0 0 -4 0 0 0 9.4444 bump5000.dat
  [1,16,0,-112,0,9.4444,0,0,0,-4,0,0,0,9.4444, ldraw_lib__bump5000()],
// 0 BFC INVERTNEXT
  [0,"BFC","INVERTNEXT"],
// 1 16 0 -105 0 12 0 0 0 123 0 0 0 12 4-4cylc.dat
  [1,16,0,-105,0,12,0,0,0,123,0,0,0,12, ldraw_lib__4_4cylc()],
// 1 16 0 18 0 4 0 0 0 -1 0 0 0 4 4-4ring3.dat
  [1,16,0,18,0,4,0,0,0,-1,0,0,0,4, ldraw_lib__4_4ring3()],
// 1 16 0 8 0 4 0 0 0 -1 0 0 0 4 4-4ring4.dat
  [1,16,0,8,0,4,0,0,0,-1,0,0,0,4, ldraw_lib__4_4ring4()],
// 1 16 0 8 0 16 0 0 0 10 0 0 0 16 4-4cylo.dat
  [1,16,0,8,0,16,0,0,0,10,0,0,0,16, ldraw_lib__4_4cylo()],
// 1 16 0 8 0 20 0 0 0 -1 0 0 0 20 48\4-4aring.dat
  [1,16,0,8,0,20,0,0,0,-1,0,0,0,20, ldraw_lib__48__4_4aring()],
// 1 16 0 0 0 -0.5 0 0.86603 0 1 0 -0.86603 0 -0.5 s\4841s02.dat
  [1,16,0,0,0,-0.5,0,0.86603,0,1,0,-0.86603,0,-0.5, ldraw_lib__s__4841s02()],
// 1 16 0 0 0 0.5 0 0.86603 0 1 0 0.86603 0 -0.5 s\4841s02.dat
  [1,16,0,0,0,0.5,0,0.86603,0,1,0,0.86603,0,-0.5, ldraw_lib__s__4841s02()],
// 1 16 0 0 0 -0.5 0 -0.86603 0 1 0 0.86603 0 -0.5 s\4841s02.dat
  [1,16,0,0,0,-0.5,0,-0.86603,0,1,0,0.86603,0,-0.5, ldraw_lib__s__4841s02()],
// 1 16 0 0 0 0.5 0 -0.86603 0 1 0 -0.86603 0 -0.5 s\4841s02.dat
  [1,16,0,0,0,0.5,0,-0.86603,0,1,0,-0.86603,0,-0.5, ldraw_lib__s__4841s02()],
];
module ldraw_lib__4841(step=0, col=false, unit=2/5, alt=false, line=0.2, solid=!$preview)
    makepoly(ldraw_lib__4841(), step=step, col=col, unit=unit, alt=alt, line=line, solid=solid);
ldraw_lib__4841(line=0.2);