use <../lib.scad>
use <s/55976s00.scad>
function ldraw_lib__55976() = [
// 0 Tyre 26/ 52 x 30 Off Road
// 0 Name: 55976.dat
// 0 Author: Marc Klein [marckl]
// 0 !LDRAW_ORG Part UPDATE 2013-02
// 0 !LICENSE Licensed under CC BY 4.0 : see CAreadme.txt
// 
// 0 BFC CERTIFY CCW
  [0,"BFC","CERTIFY"],
  [0,"BFC","CCW"],
// 
// 0 !HISTORY 2013-12-23 [PTadmin] Official Update 2013-02
// 
// 
// 1 16 0 0 0 0 0 1 0 1 0 -1 0 0 s\55976s00.dat
  [1,16,0,0,0,0,0,1,0,1,0,-1,0,0, ldraw_lib__s__55976s00()],
// 1 16 0 0 0 0 0.382683 0.92388 0 0.92388 -0.382683 -1 0 0 s\55976s00.dat
  [1,16,0,0,0,0,0.382683,0.92388,0,0.92388,-0.382683,-1,0,0, ldraw_lib__s__55976s00()],
// 1 16 0 0 0 0 0.707107 0.707107 0 0.707107 -0.707107 -1 0 0 s\55976s00.dat
  [1,16,0,0,0,0,0.707107,0.707107,0,0.707107,-0.707107,-1,0,0, ldraw_lib__s__55976s00()],
// 1 16 0 0 0 0 0.92388 0.382683 0 0.382683 -0.92388 -1 0 0 s\55976s00.dat
  [1,16,0,0,0,0,0.92388,0.382683,0,0.382683,-0.92388,-1,0,0, ldraw_lib__s__55976s00()],
// 1 16 0 0 0 0 1 0 0 0 -1 -1 0 0 s\55976s00.dat
  [1,16,0,0,0,0,1,0,0,0,-1,-1,0,0, ldraw_lib__s__55976s00()],
// 1 16 0 0 0 0 0.92388 -0.382683 0 -0.382683 -0.92388 -1 0 0 s\55976s00.dat
  [1,16,0,0,0,0,0.92388,-0.382683,0,-0.382683,-0.92388,-1,0,0, ldraw_lib__s__55976s00()],
// 1 16 0 0 0 0 0.707107 -0.707107 0 -0.707107 -0.707107 -1 0 0 s\55976s00.dat
  [1,16,0,0,0,0,0.707107,-0.707107,0,-0.707107,-0.707107,-1,0,0, ldraw_lib__s__55976s00()],
// 1 16 0 0 0 0 0.382683 -0.92388 0 -0.92388 -0.382683 -1 0 0 s\55976s00.dat
  [1,16,0,0,0,0,0.382683,-0.92388,0,-0.92388,-0.382683,-1,0,0, ldraw_lib__s__55976s00()],
// 1 16 0 0 0 0 0 -1 0 -1 0 -1 0 0 s\55976s00.dat
  [1,16,0,0,0,0,0,-1,0,-1,0,-1,0,0, ldraw_lib__s__55976s00()],
// 1 16 0 0 0 0 -0.382683 -0.92388 0 -0.92388 0.382683 -1 0 0 s\55976s00.dat
  [1,16,0,0,0,0,-0.382683,-0.92388,0,-0.92388,0.382683,-1,0,0, ldraw_lib__s__55976s00()],
// 1 16 0 0 0 0 -0.707107 -0.707107 0 -0.707107 0.707107 -1 0 0 s\55976s00.dat
  [1,16,0,0,0,0,-0.707107,-0.707107,0,-0.707107,0.707107,-1,0,0, ldraw_lib__s__55976s00()],
// 1 16 0 0 0 0 -0.92388 -0.382683 0 -0.382683 0.92388 -1 0 0 s\55976s00.dat
  [1,16,0,0,0,0,-0.92388,-0.382683,0,-0.382683,0.92388,-1,0,0, ldraw_lib__s__55976s00()],
// 1 16 0 0 0 0 -1 0 0 0 1 -1 0 0 s\55976s00.dat
  [1,16,0,0,0,0,-1,0,0,0,1,-1,0,0, ldraw_lib__s__55976s00()],
// 1 16 0 0 0 0 -0.92388 0.382683 0 0.382683 0.92388 -1 0 0 s\55976s00.dat
  [1,16,0,0,0,0,-0.92388,0.382683,0,0.382683,0.92388,-1,0,0, ldraw_lib__s__55976s00()],
// 1 16 0 0 0 0 -0.707107 0.707107 0 0.707107 0.707107 -1 0 0 s\55976s00.dat
  [1,16,0,0,0,0,-0.707107,0.707107,0,0.707107,0.707107,-1,0,0, ldraw_lib__s__55976s00()],
// 1 16 0 0 0 0 -0.382683 0.92388 0 0.92388 0.382683 -1 0 0 s\55976s00.dat
  [1,16,0,0,0,0,-0.382683,0.92388,0,0.92388,0.382683,-1,0,0, ldraw_lib__s__55976s00()],
// 
];
module ldraw_lib__55976(step=0, col=false, unit=2/5, alt=false, line=0.2, solid=!$preview)
    makepoly(ldraw_lib__55976(), step=step, col=col, unit=unit, alt=alt, line=line, solid=solid);
ldraw_lib__55976(line=0.2);