use <../lib.scad>
use <s/6142271ls01.scad>
use <s/6142271ls02.scad>
use <s/6142271ls03.scad>
use <s/6142271ls04.scad>
use <s/6142271ls05.scad>
use <s/6142271ls06.scad>
use <s/6142271ls08.scad>
function ldraw_lib__6142271lc01() = [
// 0 Sticker  1.9 x  3.8 with Grey Audi Logo and Black 4 on Blue and White Frame on White Background (Formed)
// 0 Name: 6142271lc01.dat
// 0 Author: Massimo Maso [Sirio]
// 0 !LDRAW_ORG Part UPDATE 2025-03
// 0 !LICENSE Licensed under CC BY 4.0 : see CAreadme.txt
// 
// 0 BFC CERTIFY CCW
  [0,"BFC","CERTIFY"],
  [0,"BFC","CCW"],
// 
// 0 !KEYWORDS Bricklink 75873stk01a, Brickowl 427960, LMS, R8, Rebrickable 24755
// 0 !KEYWORDS Set 75873, Speed Champions, Ultra
// 
// 0 !HISTORY 2025-03-30 [OrionP] Official Update 2025-03
// 
// 
// 1 16 0 -15.6377 12.6163 1 0 0 0 .998798 -.049008 0 .049008 .998798 s\6142271ls01.dat
  [1,16,0,-15.6377,12.6163,1,0,0,0,.998798,-.049008,0,.049008,.998798, ldraw_lib__s__6142271ls01()],
// 1 16 0 -15.6377 12.6163 1 0 0 0 .989808 -.142406 0 .142406 .989808 s\6142271ls02.dat
  [1,16,0,-15.6377,12.6163,1,0,0,0,.989808,-.142406,0,.142406,.989808, ldraw_lib__s__6142271ls02()],
// 1 16 0 -12.8729 -1.6532 1 0 0 0 .971182 -.238339 0 .238339 .971182 s\6142271ls03.dat
  [1,16,0,-12.8729,-1.6532,1,0,0,0,.971182,-.238339,0,.238339,.971182, ldraw_lib__s__6142271ls03()],
// 1 16 0 -12.8729 -1.6532 1 0 0 0 .941687 -.336489 0 .336489 .941687 s\6142271ls04.dat
  [1,16,0,-12.8729,-1.6532,1,0,0,0,.941687,-.336489,0,.336489,.941687, ldraw_lib__s__6142271ls04()],
// 1 16 0 -7.5277 -14.4459 1 0 0 0 .900443 -.434973 0 .434973 .900443 s\6142271ls05.dat
  [1,16,0,-7.5277,-14.4459,1,0,0,0,.900443,-.434973,0,.434973,.900443, ldraw_lib__s__6142271ls05()],
// 1 16 0 -7.5277 -14.4459 1 0 0 0 .844124 -.536148 0 .536148 .844124 s\6142271ls06.dat
  [1,16,0,-7.5277,-14.4459,1,0,0,0,.844124,-.536148,0,.536148,.844124, ldraw_lib__s__6142271ls06()],
// 1 16 0 0 0 1 0 0 0 1 0 0 0 1 s\6142271ls08.dat
  [1,16,0,0,0,1,0,0,0,1,0,0,0,1, ldraw_lib__s__6142271ls08()],
];
module ldraw_lib__6142271lc01(step=0, col=false, unit=2/5, alt=false, line=0.2, solid=!$preview)
    makepoly(ldraw_lib__6142271lc01(), step=step, col=col, unit=unit, alt=alt, line=line, solid=solid);
ldraw_lib__6142271lc01(line=0.2);