use <../lib.scad>
use <s/6142271us01.scad>
use <s/6142271us02.scad>
use <s/6142271us03.scad>
use <s/6142271us04.scad>
use <s/6142271us05.scad>
use <s/6142271us06.scad>
use <s/6142271us08.scad>
function ldraw_lib__6142271uc01() = [
// 0 Sticker  1.8 x  3 with Headlamp and Front Bumper on Black Background Right (Formed)
// 0 Name: 6142271uc01.dat
// 0 Author: Massimo Maso [Sirio]
// 0 !LDRAW_ORG Part UPDATE 2025-02
// 0 !LICENSE Licensed under CC BY 4.0 : see CAreadme.txt
// 
// 0 BFC CERTIFY CCW
  [0,"BFC","CERTIFY"],
  [0,"BFC","CCW"],
// 
// 0 !KEYWORDS Audi, Bricklink 75873stk01a, Brickowl 427960, LMS, R8
// 0 !KEYWORDS Rebrickable 24755, Set 75873, Speed Champions, Ultra
// 
// 0 !HISTORY 2025-02-27 [OrionP] Official Update 2025-02
// 
// 
// 1 16 18.9266 .5872 0 0 .052953 .998597 0 .998597 -.052953 -1 0 0 s\6142271us01.dat
  [1,16,18.9266,.5872,0,0,.052953,.998597,0,.998597,-.052953,-1,0,0, ldraw_lib__s__6142271us01()],
// 1 16 18.9266 .5872 0 0 .157931 .98745 0 .98745 -.157931 -1 0 0 s\6142271us02.dat
  [1,16,18.9266,.5872,0,0,.157931,.98745,0,.98745,-.157931,-1,0,0, ldraw_lib__s__6142271us02()],
// 1 16 -2.4735 5.1963 0 0 .263169 .96475 0 .96475 -.263169 -1 0 0 s\6142271us03.dat
  [1,16,-2.4735,5.1963,0,0,.263169,.96475,0,.96475,-.263169,-1,0,0, ldraw_lib__s__6142271us03()],
// 1 16 -2.4735 5.1963 0 0 .369158 .929367 0 .929367 -.369158 -1 0 0 s\6142271us04.dat
  [1,16,-2.4735,5.1963,0,0,.369158,.929367,0,.929367,-.369158,-1,0,0, ldraw_lib__s__6142271us04()],
// 1 16 -21.6589 14.1072 0 0 .473077 .881021 0 .881021 -.473077 -1 0 0 s\6142271us05.dat
  [1,16,-21.6589,14.1072,0,0,.473077,.881021,0,.881021,-.473077,-1,0,0, ldraw_lib__s__6142271us05()],
// 1 16 -21.6589 14.1072 0 0 .577007 .816739 0 .816739 -.577007 -1 0 0 s\6142271us06.dat
  [1,16,-21.6589,14.1072,0,0,.577007,.816739,0,.816739,-.577007,-1,0,0, ldraw_lib__s__6142271us06()],
// 1 16 0 0 0 0 0 1 0 1 0 -1 0 0 s\6142271us08.dat
  [1,16,0,0,0,0,0,1,0,1,0,-1,0,0, ldraw_lib__s__6142271us08()],
];
module ldraw_lib__6142271uc01(step=0, col=false, unit=2/5, alt=false, line=0.2, solid=!$preview)
    makepoly(ldraw_lib__6142271uc01(), step=step, col=col, unit=unit, alt=alt, line=line, solid=solid);
ldraw_lib__6142271uc01(line=0.2);