use <../lib.scad>
use <s/15068b01.scad>
use <s/6177969gs01.scad>
use <s/6177969js01.scad>
use <s/6177969js02.scad>
use <s/6177969js03.scad>
function ldraw_lib__6177969jc01() = [
// 0 Sticker  1.9 x  1.8 with Black Ford Text in Grey Stripe on Black Background (Formed)
// 0 Name: 6177969jc01.dat
// 0 Author: Massimo Maso [Sirio]
// 0 !LDRAW_ORG Part UPDATE 2025-08
// 0 !LICENSE Licensed under CC BY 4.0 : see CAreadme.txt
// 
// 0 BFC CERTIFY CCW
  [0,"BFC","CERTIFY"],
  [0,"BFC","CCW"],
// 
// 0 !KEYWORDS 1966, Bricklink 75881stk01, Ford, GT40, Rebrickable 30897, Set 75881
// 0 !KEYWORDS Speed Champions
// 
// 0 !HISTORY 2025-08-31 [OrionP] Official Update 2025-08
// 
// 1 16 0 -15.6524 12.616 1 0 0 0 .998894 -.047023 0 .047023 .998894 s\6177969gs01.dat
  [1,16,0,-15.6524,12.616,1,0,0,0,.998894,-.047023,0,.047023,.998894, ldraw_lib__s__6177969gs01()],
// 1 16 0 -12.8827 -1.648 1 0 0 0 .941616 -.336689 0 .336689 .941616 s\6177969js01.dat
  [1,16,0,-12.8827,-1.648,1,0,0,0,.941616,-.336689,0,.336689,.941616, ldraw_lib__s__6177969js01()],
// 1 16 0 -7.5316 -14.436 1 0 0 0 .900072 -.435742 0 .435742 .900072 s\6177969js02.dat
  [1,16,0,-7.5316,-14.436,1,0,0,0,.900072,-.435742,0,.435742,.900072, ldraw_lib__s__6177969js02()],
// 1 16 0 -7.5316 -14.436 1 0 0 0 .844289 -.535889 0 .535889 .844289 s\6177969js03.dat
  [1,16,0,-7.5316,-14.436,1,0,0,0,.844289,-.535889,0,.535889,.844289, ldraw_lib__s__6177969js03()],
// 1 16 0 0 0 1 0 0 0 1 0 0 0 1 s\15068b01.dat
  [1,16,0,0,0,1,0,0,0,1,0,0,0,1, ldraw_lib__s__15068b01()],
// 0 // Simple black faces
// 4 0 -18 -14.8493 5.3122 18 -14.8493 5.3122 18 -15.9016 12.5922 -18 -15.9016 12.5922
  [4,0,-18,-14.8493,5.3122,18,-14.8493,5.3122,18,-15.9016,12.5922,-18,-15.9016,12.5922],
// 4 0 -18 -14.8493 5.3122 -18 -13.1224 -1.7201 18 -13.1224 -1.7201 18 -14.8493 5.3122
  [4,0,-18,-14.8493,5.3122,-18,-13.1224,-1.7201,18,-13.1224,-1.7201,18,-14.8493,5.3122],
];
module ldraw_lib__6177969jc01(step=0, col=false, unit=2/5, alt=false, line=0.2, solid=!$preview)
    makepoly(ldraw_lib__6177969jc01(), step=step, col=col, unit=unit, alt=alt, line=line, solid=solid);
ldraw_lib__6177969jc01(line=0.2);