use <../lib.scad>
use <s/6177970xs01.scad>
use <s/6177970xs02.scad>
use <s/6177970xs03.scad>
use <s/6177970xs04.scad>
use <s/6177970xs05.scad>
use <s/6177970xs06.scad>
use <s/93273b01.scad>
function ldraw_lib__6177970xc01() = [
// 0 Sticker  0.8 x  4.1 with Black Air Vent on Red Background (Formed) (Needs Work)
// 0 Name: 6177970xc01.dat
// 0 Author: Massimo Maso [Sirio]
// 0 !LDRAW_ORG Part UPDATE 2025-07
// 0 !LICENSE Licensed under CC BY 4.0 : see CAreadme.txt
// 
// 0 !HELP Needs works: the dark red areas are actually halftone of black/red
// 
// 0 BFC CERTIFY CCW
  [0,"BFC","CERTIFY"],
  [0,"BFC","CCW"],
// 
// 0 !KEYWORDS Center, Development, Ferrari, FXXK, Set 75882, Speed Champions
// 0 !KEYWORDS Tunnel, Wind
// 
// 0 !HISTORY 2025-07-27 [OrionP] Official Update 2025-07
// 
// 
// 1 16 34.436 -7.5317 0 0 -.5359 .844281 0 .844281 .5359 -1 0 0 s\6177970xs01.dat
  [1,16,34.436,-7.5317,0,0,-.5359,.844281,0,.844281,.5359,-1,0,0, ldraw_lib__s__6177970xs01()],
// 1 16 34.436 -7.5317 0 0 -.435742 .900072 0 .900072 .435742 -1 0 0 s\6177970xs02.dat
  [1,16,34.436,-7.5317,0,0,-.435742,.900072,0,.900072,.435742,-1,0,0, ldraw_lib__s__6177970xs02()],
// 1 16 21.648 -12.8828 0 0 -.336689 .941616 0 .941616 .336689 -1 0 0 s\6177970xs03.dat
  [1,16,21.648,-12.8828,0,0,-.336689,.941616,0,.941616,.336689,-1,0,0, ldraw_lib__s__6177970xs03()],
// 1 16 21.648 -12.8828 0 0 -.238478 .971148 0 .971148 .238478 -1 0 0 s\6177970xs04.dat
  [1,16,21.648,-12.8828,0,0,-.238478,.971148,0,.971148,.238478,-1,0,0, ldraw_lib__s__6177970xs04()],
// 1 16 7.384 -15.6525 0 0 -.143056 .989715 0 .989715 .143056 -1 0 0 s\6177970xs05.dat
  [1,16,7.384,-15.6525,0,0,-.143056,.989715,0,.989715,.143056,-1,0,0, ldraw_lib__s__6177970xs05()],
// 1 16 7.384 -15.6525 0 0 -.047009 .998894 0 .998894 .047009 -1 0 0 s\6177970xs06.dat
  [1,16,7.384,-15.6525,0,0,-.047009,.998894,0,.998894,.047009,-1,0,0, ldraw_lib__s__6177970xs06()],
// 1 16 -7.384 -15.6525 0 0 .047009 -.998894 0 .998894 .047009 -1 0 0 s\6177970xs06.dat
  [1,16,-7.384,-15.6525,0,0,.047009,-.998894,0,.998894,.047009,-1,0,0, ldraw_lib__s__6177970xs06()],
// 1 16 -7.384 -15.6525 0 0 .143056 -.989715 0 .989715 .143056 -1 0 0 s\6177970xs05.dat
  [1,16,-7.384,-15.6525,0,0,.143056,-.989715,0,.989715,.143056,-1,0,0, ldraw_lib__s__6177970xs05()],
// 1 16 -21.648 -12.8828 0 0 .238478 -.971148 0 .971148 .238478 -1 0 0 s\6177970xs04.dat
  [1,16,-21.648,-12.8828,0,0,.238478,-.971148,0,.971148,.238478,-1,0,0, ldraw_lib__s__6177970xs04()],
// 1 16 -21.648 -12.8828 0 0 .336689 -.941616 0 .941616 .336689 -1 0 0 s\6177970xs03.dat
  [1,16,-21.648,-12.8828,0,0,.336689,-.941616,0,.941616,.336689,-1,0,0, ldraw_lib__s__6177970xs03()],
// 1 16 -34.436 -7.5317 0 0 .435742 -.900072 0 .900072 .435742 -1 0 0 s\6177970xs02.dat
  [1,16,-34.436,-7.5317,0,0,.435742,-.900072,0,.900072,.435742,-1,0,0, ldraw_lib__s__6177970xs02()],
// 1 16 -34.436 -7.5317 0 0 .5359 -.844281 0 .844281 .5359 -1 0 0 s\6177970xs01.dat
  [1,16,-34.436,-7.5317,0,0,.5359,-.844281,0,.844281,.5359,-1,0,0, ldraw_lib__s__6177970xs01()],
// 1 16 0 0 0 0 0 1 0 1 0 -1 0 0 s\93273b01.dat
  [1,16,0,0,0,0,0,1,0,1,0,-1,0,0, ldraw_lib__s__93273b01()],
];
module ldraw_lib__6177970xc01(step=0, col=false, unit=2/5, alt=false, line=0.2, solid=!$preview)
    makepoly(ldraw_lib__6177970xc01(), step=step, col=col, unit=unit, alt=alt, line=line, solid=solid);
ldraw_lib__6177970xc01(line=0.2);