use <../lib.scad>
use <s/6221655ks01.scad>
use <s/6221655ks02.scad>
use <s/6221655ks03.scad>
use <s/6221655ks04.scad>
use <s/6221655ks05.scad>
use <s/6221655ks06.scad>
use <s/6221655ks07.scad>
use <s/6221655ks09.scad>
function ldraw_lib__6221655kc01() = [
// 0 Sticker  0.8 x  3.0 with White Mobil1 Logo on Black Background Right (Formed)
// 0 Name: 6221655kc01.dat
// 0 Author: Massimo Maso [Sirio]
// 0 !LDRAW_ORG Part UPDATE 2025-03
// 0 !LICENSE Licensed under CC BY 4.0 : see CAreadme.txt
// 
// 0 BFC CERTIFY CCW
  [0,"BFC","CERTIFY"],
  [0,"BFC","CCW"],
// 
// 0 !KEYWORDS 3.0, 911 RSR, Porsche, Set 75888, Speed Champions, Turbo
// 
// 0 !HISTORY 2025-03-30 [OrionP] Official Update 2025-03
// 
// 1 16 29.656 0 4.78 0 -.997836 .065758 1 0 0 0 .065758 .997836 s\6221655ks01.dat
  [1,16,29.656,0,4.78,0,-.997836,.065758,1,0,0,0,.065758,.997836, ldraw_lib__s__6221655ks01()],
// 1 16 14.352 0 -21.736 0 -.659749 .751486 1 0 0 0 .751486 .659749 s\6221655ks02.dat
  [1,16,14.352,0,-21.736,0,-.659749,.751486,1,0,0,0,.751486,.659749, ldraw_lib__s__6221655ks02()],
// 1 16 14.352 0 -21.736 0 -.555054 .831815 1 0 0 0 .831815 .555054 s\6221655ks03.dat
  [1,16,14.352,0,-21.736,0,-.555054,.831815,1,0,0,0,.831815,.555054, ldraw_lib__s__6221655ks03()],
// 1 16 5.308 0 -26.956 0 -.442621 .896709 1 0 0 0 .896709 .442621 s\6221655ks04.dat
  [1,16,5.308,0,-26.956,0,-.442621,.896709,1,0,0,0,.896709,.442621, ldraw_lib__s__6221655ks04()],
// 1 16 5.308 0 -26.956 0 -.321039 .947066 1 0 0 0 .947066 .321039 s\6221655ks05.dat
  [1,16,5.308,0,-26.956,0,-.321039,.947066,1,0,0,0,.947066,.321039, ldraw_lib__s__6221655ks05()],
// 1 16 -4.78 0 -29.656 0 -.19494 .980815 1 0 0 0 .980815 .19494 s\6221655ks06.dat
  [1,16,-4.78,0,-29.656,0,-.19494,.980815,1,0,0,0,.980815,.19494, ldraw_lib__s__6221655ks06()],
// 1 16 -4.78 0 -29.656 0 -.065758 .997836 1 0 0 0 .997836 .065758 s\6221655ks07.dat
  [1,16,-4.78,0,-29.656,0,-.065758,.997836,1,0,0,0,.997836,.065758, ldraw_lib__s__6221655ks07()],
// 1 16 0 0 0 1 0 0 0 1 0 0 0 1 s\6221655ks09.dat
  [1,16,0,0,0,1,0,0,0,1,0,0,0,1, ldraw_lib__s__6221655ks09()],
// 0 // Complementary faces
// 4 0 28.878 -8 -.4168 28.878 8 -.4168 29.9044 8 4.7473 29.9044 -8 4.7473
  [4,0,28.878,-8,-.4168,28.878,8,-.4168,29.9044,8,4.7473,29.9044,-8,4.7473],
// 4 0 28.878 -8 -.4168 27.1875 -8 -5.4039 27.1875 8 -5.4039 28.878 8 -.4168
  [4,0,28.878,-8,-.4168,27.1875,-8,-5.4039,27.1875,8,-5.4039,28.878,8,-.4168],
// 4 0 24.857 -8 -10.1252 24.857 8 -10.1252 27.1875 8 -5.4039 27.1875 -8 -5.4039
  [4,0,24.857,-8,-10.1252,24.857,8,-10.1252,27.1875,8,-5.4039,27.1875,-8,-5.4039],
// 4 0 24.857 -8 -10.1252 21.9348 -8 -14.5045 21.9348 8 -14.5045 24.857 8 -10.1252
  [4,0,24.857,-8,-10.1252,21.9348,-8,-14.5045,21.9348,8,-14.5045,24.857,8,-10.1252],
// 4 0 18.4611 -8 -18.4611 18.4611 8 -18.4611 21.9348 8 -14.5045 21.9348 -8 -14.5045
  [4,0,18.4611,-8,-18.4611,18.4611,8,-18.4611,21.9348,8,-14.5045,21.9348,-8,-14.5045],
];
module ldraw_lib__6221655kc01(step=0, col=false, unit=2/5, alt=false, line=0.2, solid=!$preview)
    makepoly(ldraw_lib__6221655kc01(), step=step, col=col, unit=unit, alt=alt, line=line, solid=solid);
ldraw_lib__6221655kc01(line=0.2);