use <../lib.scad>
use <s/6311459as01.scad>
use <s/6311459as02.scad>
use <s/6311459as03.scad>
use <s/6311459as04.scad>
use <s/6311459as05.scad>
use <s/6311459as06.scad>
use <s/6311459as08.scad>
function ldraw_lib__6311459ac01() = [
// 0 Sticker  1.8 x  3 White Trapezoid and Light blue Stripes on Black Background Right (Formed)
// 0 Name: 6311459ac01.dat
// 0 Author: Massimo Maso [Sirio]
// 0 !LDRAW_ORG Part UPDATE 2024-06
// 0 !LICENSE Licensed under CC BY 4.0 : see CAreadme.txt
// 
// 0 BFC CERTIFY CCW
  [0,"BFC","CERTIFY"],
  [0,"BFC","CCW"],
// 
// 0 !KEYWORDS Eye, Iron Man, Marvel, Set 76165, Superheroes
// 
// 0 !HISTORY 2024-07-29 [OrionP] Official Update 2024-06
// 
// 
// 1 16 18.9266 .5872 0 0 .052953 .998597 0 .998597 -.052953 -1 0 0 s\6311459as01.dat
  [1,16,18.9266,.5872,0,0,.052953,.998597,0,.998597,-.052953,-1,0,0, ldraw_lib__s__6311459as01()],
// 1 16 18.9266 .5872 0 0 .157931 .98745 0 .98745 -.157931 -1 0 0 s\6311459as02.dat
  [1,16,18.9266,.5872,0,0,.157931,.98745,0,.98745,-.157931,-1,0,0, ldraw_lib__s__6311459as02()],
// 1 16 -2.4735 5.1963 0 0 .263169 .96475 0 .96475 -.263169 -1 0 0 s\6311459as03.dat
  [1,16,-2.4735,5.1963,0,0,.263169,.96475,0,.96475,-.263169,-1,0,0, ldraw_lib__s__6311459as03()],
// 1 16 -2.4735 5.1963 0 0 .369158 .929367 0 .929367 -.369158 -1 0 0 s\6311459as04.dat
  [1,16,-2.4735,5.1963,0,0,.369158,.929367,0,.929367,-.369158,-1,0,0, ldraw_lib__s__6311459as04()],
// 1 16 -21.6589 14.1072 0 0 .473077 .881021 0 .881021 -.473077 -1 0 0 s\6311459as05.dat
  [1,16,-21.6589,14.1072,0,0,.473077,.881021,0,.881021,-.473077,-1,0,0, ldraw_lib__s__6311459as05()],
// 1 16 -21.6589 14.1072 0 0 .577007 .816739 0 .816739 -.577007 -1 0 0 s\6311459as06.dat
  [1,16,-21.6589,14.1072,0,0,.577007,.816739,0,.816739,-.577007,-1,0,0, ldraw_lib__s__6311459as06()],
// 1 16 0 0 0 0 0 1 0 1 0 -1 0 0 s\6311459as08.dat
  [1,16,0,0,0,0,0,1,0,1,0,-1,0,0, ldraw_lib__s__6311459as08()],
];
module ldraw_lib__6311459ac01(step=0, col=false, unit=2/5, alt=false, line=0.2, solid=!$preview)
    makepoly(ldraw_lib__6311459ac01(), step=step, col=col, unit=unit, alt=alt, line=line, solid=solid);
ldraw_lib__6311459ac01(line=0.2);