use <../lib.scad>
use <../p/4-4ring6.scad>
use <../p/48/4-4aring.scad>
use <../p/axlehol2.scad>
use <../p/axlehole.scad>
use <s/4424s01.scad>
use <../p/stug-2x2.scad>
function ldraw_lib__64951() = [
// 0 Barrel  4.5 x  4.5 with Axle Hole
// 0 Name: 64951.dat
// 0 Author: Philippe Hurbain [Philo]
// 0 !LDRAW_ORG Part UPDATE 2012-02
// 0 !LICENSE Licensed under CC BY 4.0 : see CAreadme.txt
// 
// 0 BFC CERTIFY CCW
  [0,"BFC","CERTIFY"],
  [0,"BFC","CCW"],
// 
// 0 !CATEGORY Container
// 0 !KEYWORDS crow's nest, Pirates, tub, washtub
// 
// 0 !HISTORY 2012-08-09 [PTadmin] Official Update 2012-02
// 
// 
// 1 16 0 0 0 1 0 0 0 1 0 0 0 1 s\4424s01.dat
  [1,16,0,0,0,1,0,0,0,1,0,0,0,1, ldraw_lib__s__4424s01()],
// 1 16 0 0 0 0.939693 0 0.34202 0 1 0 -0.34202 0 0.939693 s\4424s01.dat
  [1,16,0,0,0,0.939693,0,0.34202,0,1,0,-0.34202,0,0.939693, ldraw_lib__s__4424s01()],
// 1 16 0 0 0 0.766045 0 0.642788 0 1 0 -0.642788 0 0.766045 s\4424s01.dat
  [1,16,0,0,0,0.766045,0,0.642788,0,1,0,-0.642788,0,0.766045, ldraw_lib__s__4424s01()],
// 1 16 0 0 0 0.5 0 0.866026 0 1 0 -0.866026 0 0.5 s\4424s01.dat
  [1,16,0,0,0,0.5,0,0.866026,0,1,0,-0.866026,0,0.5, ldraw_lib__s__4424s01()],
// 1 16 0 0 0 0.173648 0 0.984808 0 1 0 -0.984808 0 0.173648 s\4424s01.dat
  [1,16,0,0,0,0.173648,0,0.984808,0,1,0,-0.984808,0,0.173648, ldraw_lib__s__4424s01()],
// 1 16 0 0 0 -0.173648 0 0.984808 0 1 0 -0.984808 0 -0.173648 s\4424s01.dat
  [1,16,0,0,0,-0.173648,0,0.984808,0,1,0,-0.984808,0,-0.173648, ldraw_lib__s__4424s01()],
// 1 16 0 0 0 -0.5 0 0.866025 0 1 0 -0.866025 0 -0.5 s\4424s01.dat
  [1,16,0,0,0,-0.5,0,0.866025,0,1,0,-0.866025,0,-0.5, ldraw_lib__s__4424s01()],
// 1 16 0 0 0 -0.766045 0 0.642787 0 1 0 -0.642787 0 -0.766045 s\4424s01.dat
  [1,16,0,0,0,-0.766045,0,0.642787,0,1,0,-0.642787,0,-0.766045, ldraw_lib__s__4424s01()],
// 1 16 0 0 0 -0.939693 0 -0.34202 0 1 0 0.34202 0 -0.939693 s\4424s01.dat
  [1,16,0,0,0,-0.939693,0,-0.34202,0,1,0,0.34202,0,-0.939693, ldraw_lib__s__4424s01()],
// 1 16 0 0 0 -1 0 0 0 1 0 0 0 -1 s\4424s01.dat
  [1,16,0,0,0,-1,0,0,0,1,0,0,0,-1, ldraw_lib__s__4424s01()],
// 1 16 0 0 0 -0.766045 0 -0.642788 0 1 0 0.642788 0 -0.766045 s\4424s01.dat
  [1,16,0,0,0,-0.766045,0,-0.642788,0,1,0,0.642788,0,-0.766045, ldraw_lib__s__4424s01()],
// 1 16 0 0 0 -0.5 0 -0.866026 0 1 0 0.866026 0 -0.5 s\4424s01.dat
  [1,16,0,0,0,-0.5,0,-0.866026,0,1,0,0.866026,0,-0.5, ldraw_lib__s__4424s01()],
// 1 16 0 0 0 -0.173648 0 -0.984808 0 1 0 0.984808 0 -0.173648 s\4424s01.dat
  [1,16,0,0,0,-0.173648,0,-0.984808,0,1,0,0.984808,0,-0.173648, ldraw_lib__s__4424s01()],
// 1 16 0 0 0 0.173648 0 -0.984808 0 1 0 0.984808 0 0.173648 s\4424s01.dat
  [1,16,0,0,0,0.173648,0,-0.984808,0,1,0,0.984808,0,0.173648, ldraw_lib__s__4424s01()],
// 1 16 0 0 0 0.5 0 -0.866026 0 1 0 0.866026 0 0.5 s\4424s01.dat
  [1,16,0,0,0,0.5,0,-0.866026,0,1,0,0.866026,0,0.5, ldraw_lib__s__4424s01()],
// 1 16 0 0 0 0.766045 0 -0.642787 0 1 0 0.642787 0 0.766045 s\4424s01.dat
  [1,16,0,0,0,0.766045,0,-0.642787,0,1,0,0.642787,0,0.766045, ldraw_lib__s__4424s01()],
// 1 16 0 0 0 0.939693 0 -0.34202 0 1 0 0.34202 0 0.939693 s\4424s01.dat
  [1,16,0,0,0,0.939693,0,-0.34202,0,1,0,0.34202,0,0.939693, ldraw_lib__s__4424s01()],
// 1 16 0 0 0 -0.939693 0 0.342019 0 1 0 -0.342019 0 -0.939693 s\4424s01.dat
  [1,16,0,0,0,-0.939693,0,0.342019,0,1,0,-0.342019,0,-0.939693, ldraw_lib__s__4424s01()],
// 
// 1 16 0 -7 0 1 0 0 0 1 0 0 0 1 stug-2x2.dat
  [1,16,0,-7,0,1,0,0,0,1,0,0,0,1, ldraw_lib__stug_2x2()],
// 1 16 0 -7 0 1 0 0 0 2 0 0 0 1 axlehole.dat
  [1,16,0,-7,0,1,0,0,0,2,0,0,0,1, ldraw_lib__axlehole()],
// 1 16 0 -7 0 1 0 0 0 1 0 0 0 1 axlehol2.dat
  [1,16,0,-7,0,1,0,0,0,1,0,0,0,1, ldraw_lib__axlehol2()],
// 1 16 0 -5 0 1 0 0 0 1 0 0 0 1 axlehol2.dat
  [1,16,0,-5,0,1,0,0,0,1,0,0,0,1, ldraw_lib__axlehol2()],
// 1 16 0 -7 0 1 0 0 0 1 0 0 0 1 4-4ring6.dat
  [1,16,0,-7,0,1,0,0,0,1,0,0,0,1, ldraw_lib__4_4ring6()],
// 1 16 0 -7 0 7 0 0 0 1 0 0 0 7 48\4-4aring.dat
  [1,16,0,-7,0,7,0,0,0,1,0,0,0,7, ldraw_lib__48__4_4aring()],
// 1 16 0 -5 0 1 0 0 0 -1 0 0 0 1 4-4ring6.dat
  [1,16,0,-5,0,1,0,0,0,-1,0,0,0,1, ldraw_lib__4_4ring6()],
// 1 16 0 -5 0 7 0 0 0 -1 0 0 0 7 48\4-4aring.dat
  [1,16,0,-5,0,7,0,0,0,-1,0,0,0,7, ldraw_lib__48__4_4aring()],
];
module ldraw_lib__64951(step=0, col=false, unit=2/5, alt=false, line=0.2, solid=!$preview)
    makepoly(ldraw_lib__64951(), step=step, col=col, unit=unit, alt=alt, line=line, solid=solid);
ldraw_lib__64951(line=0.2);