use <../lib.scad>
use <../p/1-16chrd.scad>
use <../p/1-16edge.scad>
use <../p/1-4con14.scad>
use <../p/1-4edge.scad>
use <../p/1-4ring5.scad>
use <../p/1-8chrd.scad>
use <../p/1-8cylo.scad>
use <../p/1-8ering.scad>
use <../p/1-8ring6.scad>
use <../p/4-4con14.scad>
use <../p/4-4cylo.scad>
use <../p/4-4edge.scad>
use <../p/4-4ering.scad>
use <../p/4-4ring5.scad>
use <../p/4-4ring6.scad>
use <../p/5-16edge.scad>
use <../p/axl3ho10.scad>
use <../p/axl3hol2.scad>
use <../p/axl3hol8.scad>
use <../p/axl3hol9.scad>
use <s/69778s01.scad>
function ldraw_lib__69778() = [
// 0 Technic Gear 12 Tooth
// 0 Name: 69778.dat
// 0 Author: Philippe Hurbain [Philo]
// 0 !LDRAW_ORG Part UPDATE 2025-03
// 0 !LICENSE Licensed under CC BY 4.0 : see CAreadme.txt
// 
// 0 BFC CERTIFY CCW
  [0,"BFC","CERTIFY"],
  [0,"BFC","CCW"],
// 
// 0 !HISTORY 2025-03-30 [OrionP] Official Update 2025-03
// 
// 1 16 0 0 0 1 0 0 0 1 0 0 0 1 s\69778s01.dat
  [1,16,0,0,0,1,0,0,0,1,0,0,0,1, ldraw_lib__s__69778s01()],
// 1 16 0 0 0 0.86603 -0.5 0 0.5 0.86603 0 0 0 1 s\69778s01.dat
  [1,16,0,0,0,0.86603,-0.5,0,0.5,0.86603,0,0,0,1, ldraw_lib__s__69778s01()],
// 1 16 0 0 0 0.5 -0.86603 0 0.86603 0.5 0 0 0 1 s\69778s01.dat
  [1,16,0,0,0,0.5,-0.86603,0,0.86603,0.5,0,0,0,1, ldraw_lib__s__69778s01()],
// 1 16 0 0 0 0 -1 0 1 0 0 0 0 1 s\69778s01.dat
  [1,16,0,0,0,0,-1,0,1,0,0,0,0,1, ldraw_lib__s__69778s01()],
// 1 16 0 0 0 -0.5 -0.86603 0 0.86603 -0.5 0 0 0 1 s\69778s01.dat
  [1,16,0,0,0,-0.5,-0.86603,0,0.86603,-0.5,0,0,0,1, ldraw_lib__s__69778s01()],
// 1 16 0 0 0 -0.86603 -0.5 0 0.5 -0.86603 0 0 0 1 s\69778s01.dat
  [1,16,0,0,0,-0.86603,-0.5,0,0.5,-0.86603,0,0,0,1, ldraw_lib__s__69778s01()],
// 1 16 0 0 0 -1 0 0 0 -1 0 0 0 1 s\69778s01.dat
  [1,16,0,0,0,-1,0,0,0,-1,0,0,0,1, ldraw_lib__s__69778s01()],
// 1 16 0 0 0 -0.86603 0.5 0 -0.5 -0.86603 0 0 0 1 s\69778s01.dat
  [1,16,0,0,0,-0.86603,0.5,0,-0.5,-0.86603,0,0,0,1, ldraw_lib__s__69778s01()],
// 1 16 0 0 0 -0.5 0.86603 0 -0.86603 -0.5 0 0 0 1 s\69778s01.dat
  [1,16,0,0,0,-0.5,0.86603,0,-0.86603,-0.5,0,0,0,1, ldraw_lib__s__69778s01()],
// 1 16 0 0 0 0 1 0 -1 0 0 0 0 1 s\69778s01.dat
  [1,16,0,0,0,0,1,0,-1,0,0,0,0,1, ldraw_lib__s__69778s01()],
// 1 16 0 0 0 0.5 0.86603 0 -0.86603 0.5 0 0 0 1 s\69778s01.dat
  [1,16,0,0,0,0.5,0.86603,0,-0.86603,0.5,0,0,0,1, ldraw_lib__s__69778s01()],
// 1 16 0 0 0 0.86603 0.5 0 -0.5 0.86603 0 0 0 1 s\69778s01.dat
  [1,16,0,0,0,0.86603,0.5,0,-0.5,0.86603,0,0,0,1, ldraw_lib__s__69778s01()],
// 1 16 0 0 4.75 9 0 0 0 0 -9 0 4.75 0 4-4cylo.dat
  [1,16,0,0,4.75,9,0,0,0,0,-9,0,4.75,0, ldraw_lib__4_4cylo()],
// 1 16 0 0 -4.75 9 0 0 0 0 -9 0 -4.75 0 4-4cylo.dat
  [1,16,0,0,-4.75,9,0,0,0,0,-9,0,-4.75,0, ldraw_lib__4_4cylo()],
// 1 16 0 0 -10 1 0 0 0 0 1 0 19 0 axl3hol8.dat
  [1,16,0,0,-10,1,0,0,0,0,1,0,19,0, ldraw_lib__axl3hol8()],
// 1 16 0 0 -10 1 0 0 0 0 1 0 1 0 axl3hol2.dat
  [1,16,0,0,-10,1,0,0,0,0,1,0,1,0, ldraw_lib__axl3hol2()],
// 1 16 0 0 -10 1 0 0 0 0 1 0 1 0 axl3hol9.dat
  [1,16,0,0,-10,1,0,0,0,0,1,0,1,0, ldraw_lib__axl3hol9()],
// 1 16 0 0 -10 1 0 0 0 0 1 0 1 0 axl3ho10.dat
  [1,16,0,0,-10,1,0,0,0,0,1,0,1,0, ldraw_lib__axl3ho10()],
// 1 16 0 0 -10 1 0 0 0 0 1 0 1 0 4-4ring6.dat
  [1,16,0,0,-10,1,0,0,0,0,1,0,1,0, ldraw_lib__4_4ring6()],
// 1 16 0 0 -10 7 0 0 0 0 7 0 1 0 4-4edge.dat
  [1,16,0,0,-10,7,0,0,0,0,7,0,1,0, ldraw_lib__4_4edge()],
// 1 16 0 0 -9.5 0.5 0 0 0 0 0.5 0 -0.5 0 4-4con14.dat
  [1,16,0,0,-9.5,0.5,0,0,0,0,0.5,0,-0.5,0, ldraw_lib__4_4con14()],
// 1 16 0 0 -9.5 7.5 0 0 0 0 7.5 0 1 0 4-4edge.dat
  [1,16,0,0,-9.5,7.5,0,0,0,0,7.5,0,1,0, ldraw_lib__4_4edge()],
// 1 16 0 0 -9.5 1.5 0 0 0 0 1.5 0 1 0 4-4ring5.dat
  [1,16,0,0,-9.5,1.5,0,0,0,0,1.5,0,1,0, ldraw_lib__4_4ring5()],
// 1 16 0 0 9 1 0 0 0 0 1 0 1 0 axl3hol9.dat
  [1,16,0,0,9,1,0,0,0,0,1,0,1,0, ldraw_lib__axl3hol9()],
// 1 16 0 0 9 1 0 0 0 0 1 0 -1 0 axl3ho10.dat
  [1,16,0,0,9,1,0,0,0,0,1,0,-1,0, ldraw_lib__axl3ho10()],
// 1 16 0 0 10 7 0 0 0 0 7 0 -1 0 1-4edge.dat
  [1,16,0,0,10,7,0,0,0,0,7,0,-1,0, ldraw_lib__1_4edge()],
// 1 16 0 0 9.5 0.5 0 0 0 0 0.5 0 0.5 0 1-4con14.dat
  [1,16,0,0,9.5,0.5,0,0,0,0,0.5,0,0.5,0, ldraw_lib__1_4con14()],
// 1 16 0 0 9.5 7.5 0 0 0 0 7.5 0 -1 0 5-16edge.dat
  [1,16,0,0,9.5,7.5,0,0,0,0,7.5,0,-1,0, ldraw_lib__5_16edge()],
// 1 16 0 0 9.5 7.5 0 0 0 0 -7.5 0 -1 0 1-16edge.dat
  [1,16,0,0,9.5,7.5,0,0,0,0,-7.5,0,-1,0, ldraw_lib__1_16edge()],
// 1 16 0 0 9.5 1.5 0 0 0 0 1.5 0 -1 0 1-4ring5.dat
  [1,16,0,0,9.5,1.5,0,0,0,0,1.5,0,-1,0, ldraw_lib__1_4ring5()],
// 2 24 6.668 -2.7619 9.7828 6.4917 -3.4211 9.5589
  [2,24,6.668,-2.7619,9.7828,6.4917,-3.4211,9.5589],
// 2 24 6.668 -2.7619 9.7828 6.6972 -2.2067 9.864
  [2,24,6.668,-2.7619,9.7828,6.6972,-2.2067,9.864],
// 2 24 6.64 -1.8105 10 6.6972 -2.2067 9.864
  [2,24,6.64,-1.8105,10,6.6972,-2.2067,9.864],
// 2 24 6.2225 -1.1314 10 5.8237 -0.8862 10
  [2,24,6.2225,-1.1314,10,5.8237,-0.8862,10],
// 2 24 6.2225 -1.1314 10 6.64 -1.8105 10
  [2,24,6.2225,-1.1314,10,6.64,-1.8105,10],
// 2 24 5.543 -2.296 9 5.8237 -0.8862 10
  [2,24,5.543,-2.296,9,5.8237,-0.8862,10],
// 2 24 6.4917 -3.4211 9.5589 6.3303 -3.7665 9.5
  [2,24,6.4917,-3.4211,9.5589,6.3303,-3.7665,9.5],
// 2 24 5.8237 -0.8862 10 6 0 10
  [2,24,5.8237,-0.8862,10,6,0,10],
// 2 24 7 0 10 6.64 -1.8105 10
  [2,24,7,0,10,6.64,-1.8105,10],
// 4 16 7 0 10 6 0 10 5.8237 -0.8862 10 6.2225 -1.1314 10
  [4,16,7,0,10,6,0,10,5.8237,-0.8862,10,6.2225,-1.1314,10],
// 3 16 7 0 10 6.2225 -1.1314 10 6.64 -1.8105 10
  [3,16,7,0,10,6.2225,-1.1314,10,6.64,-1.8105,10],
// 1 16 0 0 9.5 9 0 0 0 0 -9 0 -1 0 1-8chrd.dat
  [1,16,0,0,9.5,9,0,0,0,0,-9,0,-1,0, ldraw_lib__1_8chrd()],
// 2 24 6.3303 -3.7665 9.5 6.122 -4.4984 9.5
  [2,24,6.3303,-3.7665,9.5,6.122,-4.4984,9.5],
// 2 24 6.122 -4.4984 9.5 5.4447 -5.4447 9.5
  [2,24,6.122,-4.4984,9.5,5.4447,-5.4447,9.5],
// 2 24 5.0912 -5.0912 9 5.633 -4.3341 9
  [2,24,5.0912,-5.0912,9,5.633,-4.3341,9],
// 2 24 5.633 -4.3341 9 5.8769 -3.477 9
  [2,24,5.633,-4.3341,9,5.8769,-3.477,9],
// 2 24 5.8769 -3.477 9 5.7861 -2.6503 9
  [2,24,5.8769,-3.477,9,5.7861,-2.6503,9],
// 2 24 5.543 -2.296 9 5.7861 -2.6503 9
  [2,24,5.543,-2.296,9,5.7861,-2.6503,9],
// 2 24 5.213 -2.791 9 5.543 -2.296 9
  [2,24,5.213,-2.791,9,5.543,-2.296,9],
// 4 16 4.243 -4.243 9 5.0912 -5.0912 9 5.633 -4.3341 9 5.8769 -3.477 9
  [4,16,4.243,-4.243,9,5.0912,-5.0912,9,5.633,-4.3341,9,5.8769,-3.477,9],
// 4 16 4.243 -4.243 9 5.8769 -3.477 9 5.7861 -2.6503 9 5.213 -2.791 9
  [4,16,4.243,-4.243,9,5.8769,-3.477,9,5.7861,-2.6503,9,5.213,-2.791,9],
// 3 16 5.543 -2.296 9 5.213 -2.791 9 5.7861 -2.6503 9
  [3,16,5.543,-2.296,9,5.213,-2.791,9,5.7861,-2.6503,9],
// 4 16 5.633 -4.3341 9 5.0912 -5.0912 9 5.4447 -5.4447 9.5 6.122 -4.4984 9.5
  [4,16,5.633,-4.3341,9,5.0912,-5.0912,9,5.4447,-5.4447,9.5,6.122,-4.4984,9.5],
// 4 16 5.8769 -3.477 9 5.633 -4.3341 9 6.122 -4.4984 9.5 6.3303 -3.7665 9.5
  [4,16,5.8769,-3.477,9,5.633,-4.3341,9,6.122,-4.4984,9.5,6.3303,-3.7665,9.5],
// 3 16 5.8769 -3.477 9 6.3303 -3.7665 9.5 6.4917 -3.4211 9.5589
  [3,16,5.8769,-3.477,9,6.3303,-3.7665,9.5,6.4917,-3.4211,9.5589],
// 3 16 6.4917 -3.4211 9.5589 6.668 -2.7619 9.7828 6.6972 -2.2067 9.864
  [3,16,6.4917,-3.4211,9.5589,6.668,-2.7619,9.7828,6.6972,-2.2067,9.864],
// 4 16 6.6972 -2.2067 9.864 5.7861 -2.6503 9 5.8769 -3.477 9 6.4917 -3.4211 9.5589
  [4,16,6.6972,-2.2067,9.864,5.7861,-2.6503,9,5.8769,-3.477,9,6.4917,-3.4211,9.5589],
// 4 16 6.2225 -1.1314 10 5.543 -2.296 9 5.7861 -2.6503 9 6.6972 -2.2067 9.864
  [4,16,6.2225,-1.1314,10,5.543,-2.296,9,5.7861,-2.6503,9,6.6972,-2.2067,9.864],
// 3 16 6.64 -1.8105 10 6.2225 -1.1314 10 6.6972 -2.2067 9.864
  [3,16,6.64,-1.8105,10,6.2225,-1.1314,10,6.6972,-2.2067,9.864],
// 4 16 5.8237 -0.8862 10 6 0 10 6 0 9 5.543 -2.296 9
  [4,16,5.8237,-0.8862,10,6,0,10,6,0,9,5.543,-2.296,9],
// 3 16 5.543 -2.296 9 6.2225 -1.1314 10 5.8237 -0.8862 10
  [3,16,5.543,-2.296,9,6.2225,-1.1314,10,5.8237,-0.8862,10],
// 4 16 7.5 0 9.5 7 0 10 6.64 -1.8105 10 6.9293 -2.8703 9.5
  [4,16,7.5,0,9.5,7,0,10,6.64,-1.8105,10,6.9293,-2.8703,9.5],
// 2 24 6.9293 -2.8703 9.5 6.3303 -3.7665 9.5
  [2,24,6.9293,-2.8703,9.5,6.3303,-3.7665,9.5],
// 3 16 6.64 -1.8105 10 6.6972 -2.2067 9.864 6.9293 -2.8703 9.5
  [3,16,6.64,-1.8105,10,6.6972,-2.2067,9.864,6.9293,-2.8703,9.5],
// 3 16 6.9293 -2.8703 9.5 6.6972 -2.2067 9.864 6.668 -2.7619 9.7828
  [3,16,6.9293,-2.8703,9.5,6.6972,-2.2067,9.864,6.668,-2.7619,9.7828],
// 3 16 6.9293 -2.8703 9.5 6.668 -2.7619 9.7828 6.4917 -3.4211 9.5589
  [3,16,6.9293,-2.8703,9.5,6.668,-2.7619,9.7828,6.4917,-3.4211,9.5589],
// 3 16 6.9293 -2.8703 9.5 6.4917 -3.4211 9.5589 6.3303 -3.7665 9.5
  [3,16,6.9293,-2.8703,9.5,6.4917,-3.4211,9.5589,6.3303,-3.7665,9.5],
// 4 16 6.9293 -2.8703 9.5 6.3303 -3.7665 9.5 6.122 -4.4984 9.5 6.3639 -6.3639 9.5
  [4,16,6.9293,-2.8703,9.5,6.3303,-3.7665,9.5,6.122,-4.4984,9.5,6.3639,-6.3639,9.5],
// 3 16 6.3639 -6.3639 9.5 6.122 -4.4984 9.5 5.4447 -5.4447 9.5
  [3,16,6.3639,-6.3639,9.5,6.122,-4.4984,9.5,5.4447,-5.4447,9.5],
// 4 16 9 0 9.5 7.5 0 9.5 6.9293 -2.8703 9.5 6.3639 -6.3639 9.5
  [4,16,9,0,9.5,7.5,0,9.5,6.9293,-2.8703,9.5,6.3639,-6.3639,9.5],
// 2 24 -2.7619 6.668 9.7828 -3.4211 6.4917 9.5589
  [2,24,-2.7619,6.668,9.7828,-3.4211,6.4917,9.5589],
// 2 24 -2.7619 6.668 9.7828 -2.2067 6.6972 9.864
  [2,24,-2.7619,6.668,9.7828,-2.2067,6.6972,9.864],
// 2 24 -1.8105 6.64 10 -2.2067 6.6972 9.864
  [2,24,-1.8105,6.64,10,-2.2067,6.6972,9.864],
// 2 24 -1.1314 6.2225 10 -0.8862 5.8237 10
  [2,24,-1.1314,6.2225,10,-0.8862,5.8237,10],
// 2 24 -1.1314 6.2225 10 -1.8105 6.64 10
  [2,24,-1.1314,6.2225,10,-1.8105,6.64,10],
// 2 24 -2.296 5.543 9 -0.8862 5.8237 10
  [2,24,-2.296,5.543,9,-0.8862,5.8237,10],
// 2 24 -3.4211 6.4917 9.5589 -3.7665 6.3303 9.5
  [2,24,-3.4211,6.4917,9.5589,-3.7665,6.3303,9.5],
// 2 24 -0.8862 5.8237 10 0 6 10
  [2,24,-0.8862,5.8237,10,0,6,10],
// 2 24 0 7 10 -1.8105 6.64 10
  [2,24,0,7,10,-1.8105,6.64,10],
// 4 16 -0.8862 5.8237 10 0 6 10 0 7 10 -1.1314 6.2225 10
  [4,16,-0.8862,5.8237,10,0,6,10,0,7,10,-1.1314,6.2225,10],
// 3 16 -1.1314 6.2225 10 0 7 10 -1.8105 6.64 10
  [3,16,-1.1314,6.2225,10,0,7,10,-1.8105,6.64,10],
// 1 16 0 0 9.5 0 0 -9 9 0 0 0 -1 0 1-8chrd.dat
  [1,16,0,0,9.5,0,0,-9,9,0,0,0,-1,0, ldraw_lib__1_8chrd()],
// 2 24 -3.7665 6.3303 9.5 -4.4984 6.122 9.5
  [2,24,-3.7665,6.3303,9.5,-4.4984,6.122,9.5],
// 2 24 -4.4984 6.122 9.5 -5.4447 5.4447 9.5
  [2,24,-4.4984,6.122,9.5,-5.4447,5.4447,9.5],
// 2 24 -5.0912 5.0912 9 -4.3341 5.633 9
  [2,24,-5.0912,5.0912,9,-4.3341,5.633,9],
// 2 24 -4.3341 5.633 9 -3.477 5.8769 9
  [2,24,-4.3341,5.633,9,-3.477,5.8769,9],
// 2 24 -3.477 5.8769 9 -2.6503 5.7861 9
  [2,24,-3.477,5.8769,9,-2.6503,5.7861,9],
// 2 24 -2.296 5.543 9 -2.6503 5.7861 9
  [2,24,-2.296,5.543,9,-2.6503,5.7861,9],
// 2 24 -2.791 5.213 9 -2.296 5.543 9
  [2,24,-2.791,5.213,9,-2.296,5.543,9],
// 4 16 -4.3341 5.633 9 -5.0912 5.0912 9 -4.243 4.243 9 -3.477 5.8769 9
  [4,16,-4.3341,5.633,9,-5.0912,5.0912,9,-4.243,4.243,9,-3.477,5.8769,9],
// 4 16 -2.6503 5.7861 9 -3.477 5.8769 9 -4.243 4.243 9 -2.791 5.213 9
  [4,16,-2.6503,5.7861,9,-3.477,5.8769,9,-4.243,4.243,9,-2.791,5.213,9],
// 3 16 -2.791 5.213 9 -2.296 5.543 9 -2.6503 5.7861 9
  [3,16,-2.791,5.213,9,-2.296,5.543,9,-2.6503,5.7861,9],
// 4 16 -5.4447 5.4447 9.5 -5.0912 5.0912 9 -4.3341 5.633 9 -4.4984 6.122 9.5
  [4,16,-5.4447,5.4447,9.5,-5.0912,5.0912,9,-4.3341,5.633,9,-4.4984,6.122,9.5],
// 4 16 -4.4984 6.122 9.5 -4.3341 5.633 9 -3.477 5.8769 9 -3.7665 6.3303 9.5
  [4,16,-4.4984,6.122,9.5,-4.3341,5.633,9,-3.477,5.8769,9,-3.7665,6.3303,9.5],
// 3 16 -3.7665 6.3303 9.5 -3.477 5.8769 9 -3.4211 6.4917 9.5589
  [3,16,-3.7665,6.3303,9.5,-3.477,5.8769,9,-3.4211,6.4917,9.5589],
// 3 16 -2.7619 6.668 9.7828 -3.4211 6.4917 9.5589 -2.2067 6.6972 9.864
  [3,16,-2.7619,6.668,9.7828,-3.4211,6.4917,9.5589,-2.2067,6.6972,9.864],
// 4 16 -3.477 5.8769 9 -2.6503 5.7861 9 -2.2067 6.6972 9.864 -3.4211 6.4917 9.5589
  [4,16,-3.477,5.8769,9,-2.6503,5.7861,9,-2.2067,6.6972,9.864,-3.4211,6.4917,9.5589],
// 4 16 -2.6503 5.7861 9 -2.296 5.543 9 -1.1314 6.2225 10 -2.2067 6.6972 9.864
  [4,16,-2.6503,5.7861,9,-2.296,5.543,9,-1.1314,6.2225,10,-2.2067,6.6972,9.864],
// 3 16 -1.1314 6.2225 10 -1.8105 6.64 10 -2.2067 6.6972 9.864
  [3,16,-1.1314,6.2225,10,-1.8105,6.64,10,-2.2067,6.6972,9.864],
// 4 16 0 6 9 0 6 10 -0.8862 5.8237 10 -2.296 5.543 9
  [4,16,0,6,9,0,6,10,-0.8862,5.8237,10,-2.296,5.543,9],
// 3 16 -1.1314 6.2225 10 -2.296 5.543 9 -0.8862 5.8237 10
  [3,16,-1.1314,6.2225,10,-2.296,5.543,9,-0.8862,5.8237,10],
// 4 16 -1.8105 6.64 10 0 7 10 0 7.5 9.5 -2.8703 6.9293 9.5
  [4,16,-1.8105,6.64,10,0,7,10,0,7.5,9.5,-2.8703,6.9293,9.5],
// 2 24 -2.8703 6.9293 9.5 -3.7665 6.3303 9.5
  [2,24,-2.8703,6.9293,9.5,-3.7665,6.3303,9.5],
// 3 16 -2.2067 6.6972 9.864 -1.8105 6.64 10 -2.8703 6.9293 9.5
  [3,16,-2.2067,6.6972,9.864,-1.8105,6.64,10,-2.8703,6.9293,9.5],
// 3 16 -2.2067 6.6972 9.864 -2.8703 6.9293 9.5 -2.7619 6.668 9.7828
  [3,16,-2.2067,6.6972,9.864,-2.8703,6.9293,9.5,-2.7619,6.668,9.7828],
// 3 16 -2.7619 6.668 9.7828 -2.8703 6.9293 9.5 -3.4211 6.4917 9.5589
  [3,16,-2.7619,6.668,9.7828,-2.8703,6.9293,9.5,-3.4211,6.4917,9.5589],
// 3 16 -3.4211 6.4917 9.5589 -2.8703 6.9293 9.5 -3.7665 6.3303 9.5
  [3,16,-3.4211,6.4917,9.5589,-2.8703,6.9293,9.5,-3.7665,6.3303,9.5],
// 4 16 -4.4984 6.122 9.5 -3.7665 6.3303 9.5 -2.8703 6.9293 9.5 -6.3639 6.3639 9.5
  [4,16,-4.4984,6.122,9.5,-3.7665,6.3303,9.5,-2.8703,6.9293,9.5,-6.3639,6.3639,9.5],
// 3 16 -4.4984 6.122 9.5 -6.3639 6.3639 9.5 -5.4447 5.4447 9.5
  [3,16,-4.4984,6.122,9.5,-6.3639,6.3639,9.5,-5.4447,5.4447,9.5],
// 4 16 -2.8703 6.9293 9.5 0 7.5 9.5 0 9 9.5 -6.3639 6.3639 9.5
  [4,16,-2.8703,6.9293,9.5,0,7.5,9.5,0,9,9.5,-6.3639,6.3639,9.5],
// 1 16 0 0 10 -7 0 0 0 0 -7 0 -1 0 1-4edge.dat
  [1,16,0,0,10,-7,0,0,0,0,-7,0,-1,0, ldraw_lib__1_4edge()],
// 1 16 0 0 9.5 -0.5 0 0 0 0 -0.5 0 0.5 0 1-4con14.dat
  [1,16,0,0,9.5,-0.5,0,0,0,0,-0.5,0,0.5,0, ldraw_lib__1_4con14()],
// 1 16 0 0 9.5 -7.5 0 0 0 0 -7.5 0 -1 0 5-16edge.dat
  [1,16,0,0,9.5,-7.5,0,0,0,0,-7.5,0,-1,0, ldraw_lib__5_16edge()],
// 1 16 0 0 9.5 -7.5 0 0 0 0 7.5 0 -1 0 1-16edge.dat
  [1,16,0,0,9.5,-7.5,0,0,0,0,7.5,0,-1,0, ldraw_lib__1_16edge()],
// 1 16 0 0 9.5 -1.5 0 0 0 0 -1.5 0 -1 0 1-4ring5.dat
  [1,16,0,0,9.5,-1.5,0,0,0,0,-1.5,0,-1,0, ldraw_lib__1_4ring5()],
// 2 24 -6.668 2.7619 9.7828 -6.4917 3.4211 9.5589
  [2,24,-6.668,2.7619,9.7828,-6.4917,3.4211,9.5589],
// 2 24 -6.668 2.7619 9.7828 -6.6972 2.2067 9.864
  [2,24,-6.668,2.7619,9.7828,-6.6972,2.2067,9.864],
// 2 24 -6.64 1.8105 10 -6.6972 2.2067 9.864
  [2,24,-6.64,1.8105,10,-6.6972,2.2067,9.864],
// 2 24 -6.2225 1.1314 10 -5.8237 0.8862 10
  [2,24,-6.2225,1.1314,10,-5.8237,0.8862,10],
// 2 24 -6.2225 1.1314 10 -6.64 1.8105 10
  [2,24,-6.2225,1.1314,10,-6.64,1.8105,10],
// 2 24 -5.543 2.296 9 -5.8237 0.8862 10
  [2,24,-5.543,2.296,9,-5.8237,0.8862,10],
// 2 24 -6.4917 3.4211 9.5589 -6.3303 3.7665 9.5
  [2,24,-6.4917,3.4211,9.5589,-6.3303,3.7665,9.5],
// 2 24 -5.8237 0.8862 10 -6 0 10
  [2,24,-5.8237,0.8862,10,-6,0,10],
// 2 24 -7 0 10 -6.64 1.8105 10
  [2,24,-7,0,10,-6.64,1.8105,10],
// 4 16 -7 0 10 -6 0 10 -5.8237 0.8862 10 -6.2225 1.1314 10
  [4,16,-7,0,10,-6,0,10,-5.8237,0.8862,10,-6.2225,1.1314,10],
// 3 16 -7 0 10 -6.2225 1.1314 10 -6.64 1.8105 10
  [3,16,-7,0,10,-6.2225,1.1314,10,-6.64,1.8105,10],
// 1 16 0 0 9.5 -9 0 0 0 0 9 0 -1 0 1-8chrd.dat
  [1,16,0,0,9.5,-9,0,0,0,0,9,0,-1,0, ldraw_lib__1_8chrd()],
// 2 24 -6.3303 3.7665 9.5 -6.122 4.4984 9.5
  [2,24,-6.3303,3.7665,9.5,-6.122,4.4984,9.5],
// 2 24 -6.122 4.4984 9.5 -5.4447 5.4447 9.5
  [2,24,-6.122,4.4984,9.5,-5.4447,5.4447,9.5],
// 2 24 -5.0912 5.0912 9 -5.633 4.3341 9
  [2,24,-5.0912,5.0912,9,-5.633,4.3341,9],
// 2 24 -5.633 4.3341 9 -5.8769 3.477 9
  [2,24,-5.633,4.3341,9,-5.8769,3.477,9],
// 2 24 -5.8769 3.477 9 -5.7861 2.6503 9
  [2,24,-5.8769,3.477,9,-5.7861,2.6503,9],
// 2 24 -5.543 2.296 9 -5.7861 2.6503 9
  [2,24,-5.543,2.296,9,-5.7861,2.6503,9],
// 2 24 -5.213 2.791 9 -5.543 2.296 9
  [2,24,-5.213,2.791,9,-5.543,2.296,9],
// 4 16 -4.243 4.243 9 -5.0912 5.0912 9 -5.633 4.3341 9 -5.8769 3.477 9
  [4,16,-4.243,4.243,9,-5.0912,5.0912,9,-5.633,4.3341,9,-5.8769,3.477,9],
// 4 16 -4.243 4.243 9 -5.8769 3.477 9 -5.7861 2.6503 9 -5.213 2.791 9
  [4,16,-4.243,4.243,9,-5.8769,3.477,9,-5.7861,2.6503,9,-5.213,2.791,9],
// 3 16 -5.543 2.296 9 -5.213 2.791 9 -5.7861 2.6503 9
  [3,16,-5.543,2.296,9,-5.213,2.791,9,-5.7861,2.6503,9],
// 4 16 -5.633 4.3341 9 -5.0912 5.0912 9 -5.4447 5.4447 9.5 -6.122 4.4984 9.5
  [4,16,-5.633,4.3341,9,-5.0912,5.0912,9,-5.4447,5.4447,9.5,-6.122,4.4984,9.5],
// 4 16 -5.8769 3.477 9 -5.633 4.3341 9 -6.122 4.4984 9.5 -6.3303 3.7665 9.5
  [4,16,-5.8769,3.477,9,-5.633,4.3341,9,-6.122,4.4984,9.5,-6.3303,3.7665,9.5],
// 3 16 -5.8769 3.477 9 -6.3303 3.7665 9.5 -6.4917 3.4211 9.5589
  [3,16,-5.8769,3.477,9,-6.3303,3.7665,9.5,-6.4917,3.4211,9.5589],
// 3 16 -6.4917 3.4211 9.5589 -6.668 2.7619 9.7828 -6.6972 2.2067 9.864
  [3,16,-6.4917,3.4211,9.5589,-6.668,2.7619,9.7828,-6.6972,2.2067,9.864],
// 4 16 -6.6972 2.2067 9.864 -5.7861 2.6503 9 -5.8769 3.477 9 -6.4917 3.4211 9.5589
  [4,16,-6.6972,2.2067,9.864,-5.7861,2.6503,9,-5.8769,3.477,9,-6.4917,3.4211,9.5589],
// 4 16 -6.2225 1.1314 10 -5.543 2.296 9 -5.7861 2.6503 9 -6.6972 2.2067 9.864
  [4,16,-6.2225,1.1314,10,-5.543,2.296,9,-5.7861,2.6503,9,-6.6972,2.2067,9.864],
// 3 16 -6.64 1.8105 10 -6.2225 1.1314 10 -6.6972 2.2067 9.864
  [3,16,-6.64,1.8105,10,-6.2225,1.1314,10,-6.6972,2.2067,9.864],
// 4 16 -5.8237 0.8862 10 -6 0 10 -6 0 9 -5.543 2.296 9
  [4,16,-5.8237,0.8862,10,-6,0,10,-6,0,9,-5.543,2.296,9],
// 3 16 -5.543 2.296 9 -6.2225 1.1314 10 -5.8237 0.8862 10
  [3,16,-5.543,2.296,9,-6.2225,1.1314,10,-5.8237,0.8862,10],
// 4 16 -7.5 0 9.5 -7 0 10 -6.64 1.8105 10 -6.9293 2.8703 9.5
  [4,16,-7.5,0,9.5,-7,0,10,-6.64,1.8105,10,-6.9293,2.8703,9.5],
// 2 24 -6.9293 2.8703 9.5 -6.3303 3.7665 9.5
  [2,24,-6.9293,2.8703,9.5,-6.3303,3.7665,9.5],
// 3 16 -6.64 1.8105 10 -6.6972 2.2067 9.864 -6.9293 2.8703 9.5
  [3,16,-6.64,1.8105,10,-6.6972,2.2067,9.864,-6.9293,2.8703,9.5],
// 3 16 -6.9293 2.8703 9.5 -6.6972 2.2067 9.864 -6.668 2.7619 9.7828
  [3,16,-6.9293,2.8703,9.5,-6.6972,2.2067,9.864,-6.668,2.7619,9.7828],
// 3 16 -6.9293 2.8703 9.5 -6.668 2.7619 9.7828 -6.4917 3.4211 9.5589
  [3,16,-6.9293,2.8703,9.5,-6.668,2.7619,9.7828,-6.4917,3.4211,9.5589],
// 3 16 -6.9293 2.8703 9.5 -6.4917 3.4211 9.5589 -6.3303 3.7665 9.5
  [3,16,-6.9293,2.8703,9.5,-6.4917,3.4211,9.5589,-6.3303,3.7665,9.5],
// 4 16 -6.9293 2.8703 9.5 -6.3303 3.7665 9.5 -6.122 4.4984 9.5 -6.3639 6.3639 9.5
  [4,16,-6.9293,2.8703,9.5,-6.3303,3.7665,9.5,-6.122,4.4984,9.5,-6.3639,6.3639,9.5],
// 3 16 -6.3639 6.3639 9.5 -6.122 4.4984 9.5 -5.4447 5.4447 9.5
  [3,16,-6.3639,6.3639,9.5,-6.122,4.4984,9.5,-5.4447,5.4447,9.5],
// 4 16 -9 0 9.5 -7.5 0 9.5 -6.9293 2.8703 9.5 -6.3639 6.3639 9.5
  [4,16,-9,0,9.5,-7.5,0,9.5,-6.9293,2.8703,9.5,-6.3639,6.3639,9.5],
// 2 24 2.7619 -6.668 9.7828 3.4211 -6.4917 9.5589
  [2,24,2.7619,-6.668,9.7828,3.4211,-6.4917,9.5589],
// 2 24 2.7619 -6.668 9.7828 2.2067 -6.6972 9.864
  [2,24,2.7619,-6.668,9.7828,2.2067,-6.6972,9.864],
// 2 24 1.8105 -6.64 10 2.2067 -6.6972 9.864
  [2,24,1.8105,-6.64,10,2.2067,-6.6972,9.864],
// 2 24 1.1314 -6.2225 10 0.8862 -5.8237 10
  [2,24,1.1314,-6.2225,10,0.8862,-5.8237,10],
// 2 24 1.1314 -6.2225 10 1.8105 -6.64 10
  [2,24,1.1314,-6.2225,10,1.8105,-6.64,10],
// 2 24 2.296 -5.543 9 0.8862 -5.8237 10
  [2,24,2.296,-5.543,9,0.8862,-5.8237,10],
// 2 24 3.4211 -6.4917 9.5589 3.7665 -6.3303 9.5
  [2,24,3.4211,-6.4917,9.5589,3.7665,-6.3303,9.5],
// 2 24 0.8862 -5.8237 10 0 -6 10
  [2,24,0.8862,-5.8237,10,0,-6,10],
// 2 24 0 -7 10 1.8105 -6.64 10
  [2,24,0,-7,10,1.8105,-6.64,10],
// 4 16 0.8862 -5.8237 10 0 -6 10 0 -7 10 1.1314 -6.2225 10
  [4,16,0.8862,-5.8237,10,0,-6,10,0,-7,10,1.1314,-6.2225,10],
// 3 16 1.1314 -6.2225 10 0 -7 10 1.8105 -6.64 10
  [3,16,1.1314,-6.2225,10,0,-7,10,1.8105,-6.64,10],
// 1 16 0 0 9.5 0 0 9 -9 0 0 0 -1 0 1-8chrd.dat
  [1,16,0,0,9.5,0,0,9,-9,0,0,0,-1,0, ldraw_lib__1_8chrd()],
// 2 24 3.7665 -6.3303 9.5 4.4984 -6.122 9.5
  [2,24,3.7665,-6.3303,9.5,4.4984,-6.122,9.5],
// 2 24 4.4984 -6.122 9.5 5.4447 -5.4447 9.5
  [2,24,4.4984,-6.122,9.5,5.4447,-5.4447,9.5],
// 2 24 5.0912 -5.0912 9 4.3341 -5.633 9
  [2,24,5.0912,-5.0912,9,4.3341,-5.633,9],
// 2 24 4.3341 -5.633 9 3.477 -5.8769 9
  [2,24,4.3341,-5.633,9,3.477,-5.8769,9],
// 2 24 3.477 -5.8769 9 2.6503 -5.7861 9
  [2,24,3.477,-5.8769,9,2.6503,-5.7861,9],
// 2 24 2.296 -5.543 9 2.6503 -5.7861 9
  [2,24,2.296,-5.543,9,2.6503,-5.7861,9],
// 2 24 2.791 -5.213 9 2.296 -5.543 9
  [2,24,2.791,-5.213,9,2.296,-5.543,9],
// 4 16 4.3341 -5.633 9 5.0912 -5.0912 9 4.243 -4.243 9 3.477 -5.8769 9
  [4,16,4.3341,-5.633,9,5.0912,-5.0912,9,4.243,-4.243,9,3.477,-5.8769,9],
// 4 16 2.6503 -5.7861 9 3.477 -5.8769 9 4.243 -4.243 9 2.791 -5.213 9
  [4,16,2.6503,-5.7861,9,3.477,-5.8769,9,4.243,-4.243,9,2.791,-5.213,9],
// 3 16 2.791 -5.213 9 2.296 -5.543 9 2.6503 -5.7861 9
  [3,16,2.791,-5.213,9,2.296,-5.543,9,2.6503,-5.7861,9],
// 4 16 5.4447 -5.4447 9.5 5.0912 -5.0912 9 4.3341 -5.633 9 4.4984 -6.122 9.5
  [4,16,5.4447,-5.4447,9.5,5.0912,-5.0912,9,4.3341,-5.633,9,4.4984,-6.122,9.5],
// 4 16 4.4984 -6.122 9.5 4.3341 -5.633 9 3.477 -5.8769 9 3.7665 -6.3303 9.5
  [4,16,4.4984,-6.122,9.5,4.3341,-5.633,9,3.477,-5.8769,9,3.7665,-6.3303,9.5],
// 3 16 3.7665 -6.3303 9.5 3.477 -5.8769 9 3.4211 -6.4917 9.5589
  [3,16,3.7665,-6.3303,9.5,3.477,-5.8769,9,3.4211,-6.4917,9.5589],
// 3 16 2.7619 -6.668 9.7828 3.4211 -6.4917 9.5589 2.2067 -6.6972 9.864
  [3,16,2.7619,-6.668,9.7828,3.4211,-6.4917,9.5589,2.2067,-6.6972,9.864],
// 4 16 3.477 -5.8769 9 2.6503 -5.7861 9 2.2067 -6.6972 9.864 3.4211 -6.4917 9.5589
  [4,16,3.477,-5.8769,9,2.6503,-5.7861,9,2.2067,-6.6972,9.864,3.4211,-6.4917,9.5589],
// 4 16 2.6503 -5.7861 9 2.296 -5.543 9 1.1314 -6.2225 10 2.2067 -6.6972 9.864
  [4,16,2.6503,-5.7861,9,2.296,-5.543,9,1.1314,-6.2225,10,2.2067,-6.6972,9.864],
// 3 16 1.1314 -6.2225 10 1.8105 -6.64 10 2.2067 -6.6972 9.864
  [3,16,1.1314,-6.2225,10,1.8105,-6.64,10,2.2067,-6.6972,9.864],
// 4 16 0 -6 9 0 -6 10 0.8862 -5.8237 10 2.296 -5.543 9
  [4,16,0,-6,9,0,-6,10,0.8862,-5.8237,10,2.296,-5.543,9],
// 3 16 1.1314 -6.2225 10 2.296 -5.543 9 0.8862 -5.8237 10
  [3,16,1.1314,-6.2225,10,2.296,-5.543,9,0.8862,-5.8237,10],
// 4 16 1.8105 -6.64 10 0 -7 10 0 -7.5 9.5 2.8703 -6.9293 9.5
  [4,16,1.8105,-6.64,10,0,-7,10,0,-7.5,9.5,2.8703,-6.9293,9.5],
// 2 24 2.8703 -6.9293 9.5 3.7665 -6.3303 9.5
  [2,24,2.8703,-6.9293,9.5,3.7665,-6.3303,9.5],
// 3 16 2.2067 -6.6972 9.864 1.8105 -6.64 10 2.8703 -6.9293 9.5
  [3,16,2.2067,-6.6972,9.864,1.8105,-6.64,10,2.8703,-6.9293,9.5],
// 3 16 2.2067 -6.6972 9.864 2.8703 -6.9293 9.5 2.7619 -6.668 9.7828
  [3,16,2.2067,-6.6972,9.864,2.8703,-6.9293,9.5,2.7619,-6.668,9.7828],
// 3 16 2.7619 -6.668 9.7828 2.8703 -6.9293 9.5 3.4211 -6.4917 9.5589
  [3,16,2.7619,-6.668,9.7828,2.8703,-6.9293,9.5,3.4211,-6.4917,9.5589],
// 3 16 3.4211 -6.4917 9.5589 2.8703 -6.9293 9.5 3.7665 -6.3303 9.5
  [3,16,3.4211,-6.4917,9.5589,2.8703,-6.9293,9.5,3.7665,-6.3303,9.5],
// 4 16 4.4984 -6.122 9.5 3.7665 -6.3303 9.5 2.8703 -6.9293 9.5 6.3639 -6.3639 9.5
  [4,16,4.4984,-6.122,9.5,3.7665,-6.3303,9.5,2.8703,-6.9293,9.5,6.3639,-6.3639,9.5],
// 3 16 4.4984 -6.122 9.5 6.3639 -6.3639 9.5 5.4447 -5.4447 9.5
  [3,16,4.4984,-6.122,9.5,6.3639,-6.3639,9.5,5.4447,-5.4447,9.5],
// 4 16 2.8703 -6.9293 9.5 0 -7.5 9.5 0 -9 9.5 6.3639 -6.3639 9.5
  [4,16,2.8703,-6.9293,9.5,0,-7.5,9.5,0,-9,9.5,6.3639,-6.3639,9.5],
// 5 24 -1.1314 6.2225 10 -2.296 5.543 9 -2.2067 6.6972 9.864 -0.8862 5.8237 10
  [5,24,-1.1314,6.2225,10,-2.296,5.543,9,-2.2067,6.6972,9.864,-0.8862,5.8237,10],
// 5 24 -6.9293 2.8703 9.5 -6.668 2.7619 9.7828 -6.4917 3.4211 9.5589 -6.6972 2.2067 9.864
  [5,24,-6.9293,2.8703,9.5,-6.668,2.7619,9.7828,-6.4917,3.4211,9.5589,-6.6972,2.2067,9.864],
// 5 24 -5.7861 2.6503 9 -6.6972 2.2067 9.864 -5.8769 3.477 9 -6.2225 1.1314 10
  [5,24,-5.7861,2.6503,9,-6.6972,2.2067,9.864,-5.8769,3.477,9,-6.2225,1.1314,10],
// 5 24 -5.4447 5.4447 9.5 -5.0912 5.0912 9 -6.122 4.4984 9.5 -4.3341 5.633 9
  [5,24,-5.4447,5.4447,9.5,-5.0912,5.0912,9,-6.122,4.4984,9.5,-4.3341,5.633,9],
// 5 24 6.9293 -2.8703 9.5 6.668 -2.7619 9.7828 6.6972 -2.2067 9.864 6.4917 -3.4211 9.5589
  [5,24,6.9293,-2.8703,9.5,6.668,-2.7619,9.7828,6.6972,-2.2067,9.864,6.4917,-3.4211,9.5589],
// 5 24 -5.633 4.3341 9 -6.122 4.4984 9.5 -5.0912 5.0912 9 -6.3303 3.7665 9.5
  [5,24,-5.633,4.3341,9,-6.122,4.4984,9.5,-5.0912,5.0912,9,-6.3303,3.7665,9.5],
// 5 24 -2.8703 6.9293 9.5 -2.7619 6.668 9.7828 -2.2067 6.6972 9.864 -3.4211 6.4917 9.5589
  [5,24,-2.8703,6.9293,9.5,-2.7619,6.668,9.7828,-2.2067,6.6972,9.864,-3.4211,6.4917,9.5589],
// 5 24 1.1314 -6.2225 10 2.296 -5.543 9 0.8862 -5.8237 10 2.2067 -6.6972 9.864
  [5,24,1.1314,-6.2225,10,2.296,-5.543,9,0.8862,-5.8237,10,2.2067,-6.6972,9.864],
// 5 24 5.543 -2.296 9 6.2225 -1.1314 10 5.7861 -2.6503 9 5.8237 -0.8862 10
  [5,24,5.543,-2.296,9,6.2225,-1.1314,10,5.7861,-2.6503,9,5.8237,-0.8862,10],
// 5 24 -2.6503 5.7861 9 -2.2067 6.6972 9.864 -3.4211 6.4917 9.5589 -2.296 5.543 9
  [5,24,-2.6503,5.7861,9,-2.2067,6.6972,9.864,-3.4211,6.4917,9.5589,-2.296,5.543,9],
// 5 24 5.633 -4.3341 9 6.122 -4.4984 9.5 5.0912 -5.0912 9 6.3303 -3.7665 9.5
  [5,24,5.633,-4.3341,9,6.122,-4.4984,9.5,5.0912,-5.0912,9,6.3303,-3.7665,9.5],
// 5 24 6.4917 -3.4211 9.5589 5.8769 -3.477 9 6.3303 -3.7665 9.5 6.6972 -2.2067 9.864
  [5,24,6.4917,-3.4211,9.5589,5.8769,-3.477,9,6.3303,-3.7665,9.5,6.6972,-2.2067,9.864],
// 5 24 -4.3341 5.633 9 -4.4984 6.122 9.5 -3.477 5.8769 9 -5.4447 5.4447 9.5
  [5,24,-4.3341,5.633,9,-4.4984,6.122,9.5,-3.477,5.8769,9,-5.4447,5.4447,9.5],
// 5 24 -5.543 2.296 9 -6.2225 1.1314 10 -5.7861 2.6503 9 -5.8237 0.8862 10
  [5,24,-5.543,2.296,9,-6.2225,1.1314,10,-5.7861,2.6503,9,-5.8237,0.8862,10],
// 5 24 -6.2225 1.1314 10 -6.6972 2.2067 9.864 -5.543 2.296 9 -6.64 1.8105 10
  [5,24,-6.2225,1.1314,10,-6.6972,2.2067,9.864,-5.543,2.296,9,-6.64,1.8105,10],
// 5 24 5.0912 -5.0912 9 5.4447 -5.4447 9.5 6.122 -4.4984 9.5 4.3341 -5.633 9
  [5,24,5.0912,-5.0912,9,5.4447,-5.4447,9.5,6.122,-4.4984,9.5,4.3341,-5.633,9],
// 5 24 2.8703 -6.9293 9.5 2.7619 -6.668 9.7828 3.4211 -6.4917 9.5589 2.2067 -6.6972 9.864
  [5,24,2.8703,-6.9293,9.5,2.7619,-6.668,9.7828,3.4211,-6.4917,9.5589,2.2067,-6.6972,9.864],
// 5 24 -3.477 5.8769 9 -3.4211 6.4917 9.5589 -2.6503 5.7861 9 -3.7665 6.3303 9.5
  [5,24,-3.477,5.8769,9,-3.4211,6.4917,9.5589,-2.6503,5.7861,9,-3.7665,6.3303,9.5],
// 5 24 2.6503 -5.7861 9 2.2067 -6.6972 9.864 2.296 -5.543 9 3.4211 -6.4917 9.5589
  [5,24,2.6503,-5.7861,9,2.2067,-6.6972,9.864,2.296,-5.543,9,3.4211,-6.4917,9.5589],
// 5 24 3.477 -5.8769 9 3.4211 -6.4917 9.5589 3.7665 -6.3303 9.5 2.6503 -5.7861 9
  [5,24,3.477,-5.8769,9,3.4211,-6.4917,9.5589,3.7665,-6.3303,9.5,2.6503,-5.7861,9],
// 5 24 5.7861 -2.6503 9 6.6972 -2.2067 9.864 5.8769 -3.477 9 6.2225 -1.1314 10
  [5,24,5.7861,-2.6503,9,6.6972,-2.2067,9.864,5.8769,-3.477,9,6.2225,-1.1314,10],
// 5 24 4.3341 -5.633 9 4.4984 -6.122 9.5 5.4447 -5.4447 9.5 3.477 -5.8769 9
  [5,24,4.3341,-5.633,9,4.4984,-6.122,9.5,5.4447,-5.4447,9.5,3.477,-5.8769,9],
// 5 24 -6.4917 3.4211 9.5589 -5.8769 3.477 9 -6.6972 2.2067 9.864 -6.3303 3.7665 9.5
  [5,24,-6.4917,3.4211,9.5589,-5.8769,3.477,9,-6.6972,2.2067,9.864,-6.3303,3.7665,9.5],
// 5 24 6.2225 -1.1314 10 6.6972 -2.2067 9.864 5.543 -2.296 9 6.64 -1.8105 10
  [5,24,6.2225,-1.1314,10,6.6972,-2.2067,9.864,5.543,-2.296,9,6.64,-1.8105,10],
// 2 24 -2.2962 -5.5434 9 -2 -5.602 9
  [2,24,-2.2962,-5.5434,9,-2,-5.602,9],
// 2 24 -5.602 -2 9 -5.5434 -2.2962 9
  [2,24,-5.602,-2,9,-5.5434,-2.2962,9],
// 2 24 2.2962 5.5434 9 2 5.602 9
  [2,24,2.2962,5.5434,9,2,5.602,9],
// 2 24 5.602 2 9 5.5434 2.2962 9
  [2,24,5.602,2,9,5.5434,2.2962,9],
// 5 24 7 0 10 7.5 0 9.5 6.4673 2.6789 10 6.9293 -2.8703 9.5
  [5,24,7,0,10,7.5,0,9.5,6.4673,2.6789,10,6.9293,-2.8703,9.5],
// 5 24 0 -7 10 0 -7.5 9.5 2.8703 -6.9293 9.5 -2.8703 -6.9293 9.5
  [5,24,0,-7,10,0,-7.5,9.5,2.8703,-6.9293,9.5,-2.8703,-6.9293,9.5],
// 5 24 -7 0 10 -7.5 0 9.5 -6.9293 2.8703 9.5 -6.9293 -2.8703 9.5
  [5,24,-7,0,10,-7.5,0,9.5,-6.9293,2.8703,9.5,-6.9293,-2.8703,9.5],
// 5 24 0 7 10 0 7.5 9.5 2.8703 6.9293 9.5 -2.8703 6.9293 9.5
  [5,24,0,7,10,0,7.5,9.5,2.8703,6.9293,9.5,-2.8703,6.9293,9.5],
// 1 16 0 0 10 -0.92388 0 0.38268 -0.38268 0 -0.92388 0 -1 0 1-8ring6.dat
  [1,16,0,0,10,-0.92388,0,0.38268,-0.38268,0,-0.92388,0,-1,0, ldraw_lib__1_8ring6()],
// 0 BFC INVERTNEXT
  [0,"BFC","INVERTNEXT"],
// 1 16 0 0 10 -5.54328 0 2.2961 -2.2961 0 -5.54328 0 -1 0 1-8cylo.dat
  [1,16,0,0,10,-5.54328,0,2.2961,-2.2961,0,-5.54328,0,-1,0, ldraw_lib__1_8cylo()],
// 1 16 0 0 9 -5.54328 0 2.2961 -2.2961 0 -5.54328 0 -1 0 1-8ering.dat
  [1,16,0,0,9,-5.54328,0,2.2961,-2.2961,0,-5.54328,0,-1,0, ldraw_lib__1_8ering()],
// 1 16 0 0 10 -7 0 0 0 0 -7 0 -1 0 1-16chrd.dat
  [1,16,0,0,10,-7,0,0,0,0,-7,0,-1,0, ldraw_lib__1_16chrd()],
// 1 16 0 0 10 0 0 -7 -7 0 0 0 -1 0 1-16chrd.dat
  [1,16,0,0,10,0,0,-7,-7,0,0,0,-1,0, ldraw_lib__1_16chrd()],
// 2 24 0 -6 10 -2 -5.602 10
  [2,24,0,-6,10,-2,-5.602,10],
// 4 16 0 -6 10 0 -6 9 -2 -5.602 9 -2 -5.602 10
  [4,16,0,-6,10,0,-6,9,-2,-5.602,9,-2,-5.602,10],
// 4 16 -2 -5.602 9 -2.2962 -5.5434 9 -2.2961 -5.5432 10 -2 -5.602 10
  [4,16,-2,-5.602,9,-2.2962,-5.5434,9,-2.2961,-5.5432,10,-2,-5.602,10],
// 2 24 -2.2961 -5.5432 10 -2 -5.602 10
  [2,24,-2.2961,-5.5432,10,-2,-5.602,10],
// 3 16 -2.2961 -5.5432 10 -2.6789 -6.4673 10 -2 -5.602 10
  [3,16,-2.2961,-5.5432,10,-2.6789,-6.4673,10,-2,-5.602,10],
// 4 16 0 -7 10 0 -6 10 -2 -5.602 10 -2.6789 -6.4673 10
  [4,16,0,-7,10,0,-6,10,-2,-5.602,10,-2.6789,-6.4673,10],
// 5 24 0 -6 10 0 -6 9 -2 -5.602 10 0.8862 -5.8237 10
  [5,24,0,-6,10,0,-6,9,-2,-5.602,10,0.8862,-5.8237,10],
// 2 24 -5.602 -2 10 -6 0 10
  [2,24,-5.602,-2,10,-6,0,10],
// 4 16 -5.602 -2 9 -6 0 9 -6 0 10 -5.602 -2 10
  [4,16,-5.602,-2,9,-6,0,9,-6,0,10,-5.602,-2,10],
// 4 16 -5.5432 -2.2961 10 -5.5434 -2.2962 9 -5.602 -2 9 -5.602 -2 10
  [4,16,-5.5432,-2.2961,10,-5.5434,-2.2962,9,-5.602,-2,9,-5.602,-2,10],
// 2 24 -5.602 -2 10 -5.5432 -2.2961 10
  [2,24,-5.602,-2,10,-5.5432,-2.2961,10],
// 3 16 -6.4673 -2.6789 10 -5.5432 -2.2961 10 -5.602 -2 10
  [3,16,-6.4673,-2.6789,10,-5.5432,-2.2961,10,-5.602,-2,10],
// 4 16 -5.602 -2 10 -6 0 10 -7 0 10 -6.4673 -2.6789 10
  [4,16,-5.602,-2,10,-6,0,10,-7,0,10,-6.4673,-2.6789,10],
// 5 24 -6 0 9 -6 0 10 -5.602 -2 10 -5.8237 0.8862 10
  [5,24,-6,0,9,-6,0,10,-5.602,-2,10,-5.8237,0.8862,10],
// 1 16 0 0 10 0.92388 0 -0.38268 0.38268 0 0.92388 0 -1 0 1-8ring6.dat
  [1,16,0,0,10,0.92388,0,-0.38268,0.38268,0,0.92388,0,-1,0, ldraw_lib__1_8ring6()],
// 0 BFC INVERTNEXT
  [0,"BFC","INVERTNEXT"],
// 1 16 0 0 10 5.54328 0 -2.2961 2.2961 0 5.54328 0 -1 0 1-8cylo.dat
  [1,16,0,0,10,5.54328,0,-2.2961,2.2961,0,5.54328,0,-1,0, ldraw_lib__1_8cylo()],
// 1 16 0 0 9 5.54328 0 -2.2961 2.2961 0 5.54328 0 -1 0 1-8ering.dat
  [1,16,0,0,9,5.54328,0,-2.2961,2.2961,0,5.54328,0,-1,0, ldraw_lib__1_8ering()],
// 1 16 0 0 10 7 0 0 0 0 7 0 -1 0 1-16chrd.dat
  [1,16,0,0,10,7,0,0,0,0,7,0,-1,0, ldraw_lib__1_16chrd()],
// 1 16 0 0 10 0 0 7 7 0 0 0 -1 0 1-16chrd.dat
  [1,16,0,0,10,0,0,7,7,0,0,0,-1,0, ldraw_lib__1_16chrd()],
// 2 24 0 6 10 2 5.602 10
  [2,24,0,6,10,2,5.602,10],
// 4 16 0 6 10 0 6 9 2 5.602 9 2 5.602 10
  [4,16,0,6,10,0,6,9,2,5.602,9,2,5.602,10],
// 4 16 2 5.602 9 2.2962 5.5434 9 2.2961 5.5432 10 2 5.602 10
  [4,16,2,5.602,9,2.2962,5.5434,9,2.2961,5.5432,10,2,5.602,10],
// 2 24 2.2961 5.5432 10 2 5.602 10
  [2,24,2.2961,5.5432,10,2,5.602,10],
// 3 16 2.2961 5.5432 10 2.6789 6.4673 10 2 5.602 10
  [3,16,2.2961,5.5432,10,2.6789,6.4673,10,2,5.602,10],
// 4 16 0 7 10 0 6 10 2 5.602 10 2.6789 6.4673 10
  [4,16,0,7,10,0,6,10,2,5.602,10,2.6789,6.4673,10],
// 5 24 0 6 10 0 6 9 2 5.602 10 -0.8862 5.8237 10
  [5,24,0,6,10,0,6,9,2,5.602,10,-0.8862,5.8237,10],
// 2 24 5.602 2 10 6 0 10
  [2,24,5.602,2,10,6,0,10],
// 4 16 5.602 2 9 6 0 9 6 0 10 5.602 2 10
  [4,16,5.602,2,9,6,0,9,6,0,10,5.602,2,10],
// 4 16 5.5432 2.2961 10 5.5434 2.2962 9 5.602 2 9 5.602 2 10
  [4,16,5.5432,2.2961,10,5.5434,2.2962,9,5.602,2,9,5.602,2,10],
// 2 24 5.602 2 10 5.5432 2.2961 10
  [2,24,5.602,2,10,5.5432,2.2961,10],
// 3 16 6.4673 2.6789 10 5.5432 2.2961 10 5.602 2 10
  [3,16,6.4673,2.6789,10,5.5432,2.2961,10,5.602,2,10],
// 4 16 5.602 2 10 6 0 10 7 0 10 6.4673 2.6789 10
  [4,16,5.602,2,10,6,0,10,7,0,10,6.4673,2.6789,10],
// 5 24 6 0 9 6 0 10 5.602 2 10 5.8237 -0.8862 10
  [5,24,6,0,9,6,0,10,5.602,2,10,5.8237,-0.8862,10],
// 1 16 0 0 -10 6 0 0 0 0 6 0 1 0 4-4ering.dat
  [1,16,0,0,-10,6,0,0,0,0,6,0,1,0, ldraw_lib__4_4ering()],
];
module ldraw_lib__69778(step=0, col=false, unit=2/5, alt=false, line=0.2, solid=!$preview)
    makepoly(ldraw_lib__69778(), step=step, col=col, unit=unit, alt=alt, line=line, solid=solid);
ldraw_lib__69778(line=0.2);