use <../lib.scad>
use <3818.scad>
use <3819.scad>
use <3820.scad>
use <973p8d.scad>
function ldraw_lib__76382p8d() = [
// 0 Minifig Torso with Arms and Hands with Bright Light Yellow Zigzag Lines and Black Collars Pattern
// 0 Name: 76382p8d.dat
// 0 Author: Chris Böhnke [KnightOfTarenta]
// 0 !LDRAW_ORG Shortcut UPDATE 2025-11
// 0 !LICENSE Licensed under CC BY 4.0 : see CAreadme.txt
// 
// 0 BFC CERTIFY CCW
  [0,"BFC","CERTIFY"],
  [0,"BFC","CCW"],
// 
// 0 !KEYWORDS Bricklink 973pb4536c01, Brickowl 22821, Brickset 76382, City
// 0 !KEYWORDS creator expert, Mini Upper Part No 5997, Rebrickable 973c06h01pr5997
// 0 !KEYWORDS Set 10308, Set 60330, Sweater
// 
// 0 !HISTORY 2025-11-30 [OrionP] Official Update 2025-11
// 
// 1 16 0 0 0 1 0 0 0 1 0 0 0 1 973p8d.dat
  [1,16,0,0,0,1,0,0,0,1,0,0,0,1, ldraw_lib__973p8d()],
// 1 16 -15.552 9 0 0.985 -0.17 0 0.17 0.985 0 0 0 1 3818.dat
  [1,16,-15.552,9,0,0.985,-0.17,0,0.17,0.985,0,0,0,1, ldraw_lib__3818()],
// 1 16 15.552 9 0 0.985 0.17 0 -0.17 0.985 0 0 0 1 3819.dat
  [1,16,15.552,9,0,0.985,0.17,0,-0.17,0.985,0,0,0,1, ldraw_lib__3819()],
// 1 14 -23.69 26.774 -9.898 0.985 -0.12 0.12 0.17 0.696 -0.696 0 0.707 0.707 3820.dat
  [1,14,-23.69,26.774,-9.898,0.985,-0.12,0.12,0.17,0.696,-0.696,0,0.707,0.707, ldraw_lib__3820()],
// 1 14 23.69 26.774 -9.898 0.985 0.12 -0.12 -0.17 0.696 -0.696 0 0.707 0.707 3820.dat
  [1,14,23.69,26.774,-9.898,0.985,0.12,-0.12,-0.17,0.696,-0.696,0,0.707,0.707, ldraw_lib__3820()],
];
module ldraw_lib__76382p8d(step=0, col=false, unit=2/5, alt=false, line=0.2, solid=!$preview)
    makepoly(ldraw_lib__76382p8d(), step=step, col=col, unit=unit, alt=alt, line=line, solid=solid);
ldraw_lib__76382p8d(line=0.2);